 0.05  2.985e-01
 0.15  3.072e-01
 0.25  3.074e-01
 0.35  3.158e-01
 0.45  3.257e-01
 0.55  3.218e-01
 0.65  3.170e-01
 0.75  3.143e-01
 0.85  2.982e-01
 0.95  2.926e-01
 1.05  2.731e-01
 1.15  2.463e-01
 1.25  2.066e-01
 1.35  1.475e-01
 1.45  9.119e-02
 1.55  5.005e-02
 1.65  2.816e-02
 1.75  1.222e-02
 1.85  3.782e-03
 1.95  8.041e-04
 2.05  1.009e-04
 2.15  1.440e-05
 2.25  0.000e+00
 2.35  0.000e+00
 2.45  0.000e+00
 2.55  0.000e+00
 2.65  0.000e+00
 2.75  0.000e+00
 2.85  0.000e+00
 2.95  0.000e+00
 3.05  0.000e+00
 3.15  0.000e+00
 3.25  0.000e+00
 3.35  0.000e+00
 3.45  0.000e+00
 3.55  0.000e+00
 3.65  0.000e+00
 3.75  0.000e+00
 3.85  0.000e+00
 3.95  0.000e+00
 4.05  0.000e+00
 4.15  0.000e+00
 4.25  0.000e+00
 4.35  0.000e+00
 4.45  0.000e+00
 4.55  0.000e+00
 4.65  0.000e+00
 4.75  0.000e+00
 4.85  0.000e+00
 4.95  0.000e+00
