-173.57  3.103e-04
-160.71  3.248e-04
-147.86  3.475e-04
-135.00  3.931e-04
-122.14  4.722e-04
-109.29  5.868e-04
-96.43  7.181e-04
-83.57  9.311e-04
-70.71  1.225e-03
-57.86  1.559e-03
-45.00  1.927e-03
-32.14  2.296e-03
-19.29  2.483e-03
-6.43  2.598e-03
 6.43  2.598e-03
19.29  2.483e-03
32.14  2.296e-03
45.00  1.927e-03
57.86  1.559e-03
70.71  1.225e-03
83.57  9.311e-04
96.43  7.181e-04
109.29  5.868e-04
122.14  4.722e-04
135.00  3.931e-04
147.86  3.475e-04
160.71  3.248e-04
173.57  3.103e-04
