 0.05  1.457e-01
 0.15  1.631e-01
 0.25  1.648e-01
 0.35  1.741e-01
 0.45  1.907e-01
 0.55  1.898e-01
 0.65  1.909e-01
 0.75  1.827e-01
 0.85  1.743e-01
 0.95  1.617e-01
 1.05  1.506e-01
 1.15  1.357e-01
 1.25  0.000e+00
 1.35  0.000e+00
 1.45  0.000e+00
 1.55  0.000e+00
 1.65  0.000e+00
 1.75  0.000e+00
 1.85  0.000e+00
 1.95  0.000e+00
 2.05  0.000e+00
 2.15  0.000e+00
 2.25  0.000e+00
 2.35  0.000e+00
 2.45  0.000e+00
 2.55  0.000e+00
 2.65  0.000e+00
 2.75  0.000e+00
 2.85  0.000e+00
 2.95  0.000e+00
 3.05  0.000e+00
 3.15  0.000e+00
 3.25  0.000e+00
 3.35  0.000e+00
 3.45  0.000e+00
 3.55  0.000e+00
 3.65  0.000e+00
 3.75  0.000e+00
 3.85  0.000e+00
 3.95  0.000e+00
 4.05  0.000e+00
 4.15  0.000e+00
 4.25  0.000e+00
 4.35  0.000e+00
 4.45  0.000e+00
 4.55  0.000e+00
 4.65  0.000e+00
 4.75  0.000e+00
 4.85  0.000e+00
 4.95  0.000e+00
