 0.05  3.617e-01
 0.15  3.734e-01
 0.25  3.756e-01
 0.35  3.775e-01
 0.45  3.907e-01
 0.55  3.768e-01
 0.65  3.705e-01
 0.75  3.472e-01
 0.85  3.284e-01
 0.95  3.087e-01
 1.05  2.872e-01
 1.15  2.606e-01
 1.25  0.000e+00
 1.35  0.000e+00
 1.45  0.000e+00
 1.55  0.000e+00
 1.65  0.000e+00
 1.75  0.000e+00
 1.85  0.000e+00
 1.95  0.000e+00
 2.05  0.000e+00
 2.15  0.000e+00
 2.25  0.000e+00
 2.35  0.000e+00
 2.45  0.000e+00
 2.55  0.000e+00
 2.65  0.000e+00
 2.75  0.000e+00
 2.85  0.000e+00
 2.95  0.000e+00
 3.05  0.000e+00
 3.15  0.000e+00
 3.25  0.000e+00
 3.35  0.000e+00
 3.45  0.000e+00
 3.55  0.000e+00
 3.65  0.000e+00
 3.75  0.000e+00
 3.85  0.000e+00
 3.95  0.000e+00
 4.05  0.000e+00
 4.15  0.000e+00
 4.25  0.000e+00
 4.35  0.000e+00
 4.45  0.000e+00
 4.55  0.000e+00
 4.65  0.000e+00
 4.75  0.000e+00
 4.85  0.000e+00
 4.95  0.000e+00
