  0.50      20 0.01827  0.0576 72.27470 0.00001 0.00001 10.33043
  1.50      62 0.02202  0.0569 61.52015 0.00001 0.00002 0.10984
  2.50     162 0.01663  0.0801 81.76518 0.00001 0.00002 0.10450
  3.50     134 0.02032  0.0983 64.93702 0.00001 0.00001 0.13350
  4.50     224 0.01894  0.1397 73.66406 0.00001 0.00002 0.16750
  5.50     256 0.02238  0.1581 59.20271 0.00001 0.00002 0.19064
  6.50     402 0.02077  0.1956 66.90031 0.00001 0.00002 0.22383
  7.50     397 0.01914  0.2228 71.59727 0.00001 0.00001 0.25298
  8.50     384 0.01862  0.2477 74.81094 0.00001 0.00002 0.28280
  9.50     500 0.02085  0.2898 64.24975 0.00001 0.00002 0.32070
 10.50     616 0.02150  0.3232 61.70069 0.00001 0.00002 0.35472
 11.50     598 0.02066  0.3499 64.09382 0.00001 0.00002 0.38554
 12.50     832 0.02137  0.3821 61.79402 0.00001 0.00002 0.41261
 13.50     724 0.02288  0.4243 59.02742 0.00001 0.00002 0.46369
 14.50     983 0.02065  0.4550 64.24689 0.00001 0.00002 0.49000
 15.50    1011 0.02033  0.4987 65.86100 0.00001 0.00002 0.53833
 16.50    1120 0.02095  0.5315 64.09739 0.00001 0.00002 0.57324
 17.50    1298 0.02262  0.5682 57.93044 0.00001 0.00002 0.61333
 18.50    1339 0.02170  0.6154 61.18791 0.00001 0.00002 0.66573
 19.50    1744 0.02154  0.6507 61.58768 0.00001 0.00002 0.69811
 20.50    1865 0.02260  0.6988 58.14532 0.00001 0.00002 0.75142
 21.50    1935 0.02375  0.7546 54.53102 0.00002 0.00002 0.80848
 22.50    2008 0.02477  0.7936 51.54641 0.00001 0.00002 0.85108
 23.50    2105 0.02518  0.8448 50.44031 0.00001 0.00002 0.90596
