  0.50      10 0.03488  1.8393 -3.44362 0.00001 0.00000 3.16766
  1.50     111 0.05612  1.1272 -3.77520 0.00006 0.00001 2.30257
  2.50     795 0.05134  0.8359 -2.24392 0.00019 0.00005 2.19123
  3.50    1528 0.05127  0.6521 -1.45996 0.00040 0.00010 1.67693
  4.50    3172 0.04718  0.5171 -0.63341 0.00063 0.00015 1.16277
  5.50    5267 0.04636  0.4104 -0.13535 0.00095 0.00022 0.87860
  6.50   11649 0.04808  0.2943 0.18847 0.00159 0.00037 0.60679
  7.50   62577 0.08759  0.3958 -0.64933 0.00632 0.00270 1.65471
  8.50  963859 0.14093  1.0814 -0.08205 0.08481 0.04008 5.13077
  9.50 1267916 0.12136  1.3381 0.37909 0.07939 0.03356 5.42627
 10.50 1009097 0.10151  1.6312 0.51900 0.04880 0.01808 5.68270
 11.50  563710 0.08319  1.9753 0.58418 0.02508 0.00811 5.89685
 12.50  344252 0.06331  2.4258 0.63853 0.00910 0.00253 5.77287
 13.50   71304 0.04318  2.8990 0.88949 0.00194 0.00044 5.53248
 14.50   13672 0.02644  3.5694 1.59501 0.00024 0.00005 5.42508
 15.50     177 0.01244  4.2225 12.96021 0.00001 0.00000 5.48851
 16.50       0 0.00000  0.0000 0.00000  0.0000 0.00000 0.00000
 17.50       0 0.00000  0.0000 0.00000  0.0000 0.00000 0.00000
 18.50       0 0.00000  0.0000 0.00000  0.0000 0.00000 0.00000
 19.50       0 0.00000  0.0000 0.00000  0.0000 0.00000 0.00000
 20.50       0 0.00000  0.0000 0.00000  0.0000 0.00000 0.00000
 21.50       0 0.00000  0.0000 0.00000  0.0000 0.00000 0.00000
 22.50       0 0.00000  0.0000 0.00000  0.0000 0.00000 0.00000
 23.50       0 0.00000  0.0000 0.00000  0.0000 0.00000 0.00000
