  0.50      37 0.02520  0.0208 49.47180 0.00001 0.00002 9.30247
  1.50      83 0.02159  0.0555 67.76115 0.00001 0.00002 0.12011
  2.50     216 0.02463  0.0855 51.81512 0.00002 0.00002 0.11217
  3.50     230 0.02610  0.1289 48.00442 0.00002 0.00003 0.16685
  4.50     341 0.02471  0.1444 51.95307 0.00002 0.00003 0.17750
  5.50     414 0.02437  0.1814 52.44566 0.00002 0.00003 0.21681
  6.50     506 0.02332  0.2188 55.68503 0.00002 0.00003 0.25216
  7.50     625 0.02521  0.2523 51.49134 0.00002 0.00003 0.28593
  8.50     580 0.02398  0.2870 53.79615 0.00002 0.00003 0.32564
  9.50     831 0.02470  0.3323 51.72897 0.00002 0.00003 0.36975
 10.50     888 0.02505  0.3574 50.83858 0.00002 0.00003 0.39486
 11.50     869 0.02405  0.3988 53.68863 0.00002 0.00003 0.44267
 12.50    1290 0.02580  0.4407 49.33113 0.00002 0.00003 0.47935
 13.50    1182 0.02440  0.4772 52.71185 0.00002 0.00003 0.52470
 14.50    1556 0.02581  0.5244 49.60405 0.00002 0.00003 0.57015
 15.50    1641 0.02538  0.5742 50.46158 0.00002 0.00003 0.62556
 16.50    1757 0.02583  0.6133 49.38660 0.00002 0.00003 0.66906
 17.50    1964 0.02699  0.6619 46.40507 0.00002 0.00003 0.71987
 18.50    2050 0.02819  0.7134 43.93925 0.00002 0.00004 0.77567
 19.50    2810 0.02853  0.7605 43.17166 0.00002 0.00004 0.81933
 20.50    2721 0.02955  0.8156 41.40839 0.00002 0.00004 0.88317
 21.50    2798 0.02968  0.8805 41.11074 0.00002 0.00004 0.95329
 22.50    3024 0.03057  0.9365 39.45221 0.00002 0.00004 1.01572
 23.50    3213 0.03098  0.9920 38.81117 0.00002 0.00004 1.07607
