  0.50    3250 0.04808  0.0323 13.45040 0.00162 0.00164 6.42791
  1.50    6591 0.04827  0.0810 13.38340 0.00164 0.00166 0.18457
  2.50   16613 0.04844  0.1329 13.31140 0.00165 0.00166 0.18722
  3.50   16986 0.04895  0.1858 13.10496 0.00167 0.00169 0.25804
  4.50   23878 0.04884  0.2366 13.14363 0.00166 0.00168 0.30623
  5.50   28211 0.04956  0.2908 12.86510 0.00169 0.00171 0.37093
  6.50   39645 0.04965  0.3441 12.83295 0.00170 0.00172 0.42204
  7.50   48283 0.04978  0.4040 12.79026 0.00172 0.00174 0.49081
  8.50   46305 0.05008  0.4641 12.68620 0.00175 0.00177 0.56771
  9.50   60045 0.05083  0.5230 12.39671 0.00177 0.00180 0.62991
 10.50   70380 0.05123  0.5883 12.24676 0.00178 0.00181 0.70431
 11.50   68901 0.05170  0.6532 12.07568 0.00180 0.00183 0.78570
 12.50  104038 0.05194  0.7220 12.00090 0.00183 0.00186 0.85403
 13.50   89669 0.05218  0.8004 11.91877 0.00184 0.00187 0.95563
 14.50  121818 0.05234  0.8748 11.84977 0.00183 0.00186 1.03367
 15.50  121344 0.05232  0.9588 11.85774 0.00182 0.00185 1.13533
 16.50  129899 0.05235  1.0427 11.83244 0.00180 0.00183 1.23417
 17.50  143138 0.05216  1.1256 11.88857 0.00176 0.00179 1.32892
 18.50  138852 0.05140  1.2118 12.14812 0.00170 0.00172 1.43204
 19.50  186768 0.05039  1.3092 12.49558 0.00162 0.00164 1.53134
 20.50  170476 0.04897  1.4173 13.01418 0.00149 0.00151 1.65680
 21.50  162622 0.04723  1.5252 13.67315 0.00135 0.00136 1.77759
 22.50  153818 0.04506  1.6321 14.56500 0.00118 0.00119 1.89375
 23.50  139205 0.04244  1.7518 15.76509 0.00099 0.00099 2.02140
