  0.50     155 0.00500  0.0345 247.90300 0.00006 0.00007 8.57679
  1.50     296 0.00717  0.0871 185.36450 0.00006 0.00007 0.15053
  2.50     810 0.00562  0.1047 226.91960 0.00006 0.00008 0.13398
  3.50     772 0.00946  0.1522 141.40532 0.00006 0.00007 0.19451
  4.50    1033 0.00797  0.1945 162.43000 0.00006 0.00007 0.23199
  5.50    1335 0.00658  0.2289 203.62187 0.00006 0.00008 0.26792
  6.50    1841 0.00674  0.2705 187.68091 0.00006 0.00008 0.30546
  7.50    2287 0.00833  0.3160 165.95429 0.00007 0.00008 0.35292
  8.50    2198 0.00725  0.3659 187.17179 0.00007 0.00008 0.41055
  9.50    2938 0.00768  0.4107 166.75540 0.00007 0.00009 0.45356
 10.50    3487 0.00828  0.4550 162.66031 0.00007 0.00009 0.49944
 11.50    3385 0.00938  0.5033 135.58912 0.00007 0.00009 0.55513
 12.50    5254 0.00917  0.5537 143.52350 0.00008 0.00010 0.60001
 13.50    4394 0.01037  0.6094 125.70090 0.00008 0.00010 0.66675
 14.50    6327 0.01207  0.6671 98.03518 0.00008 0.00010 0.72290
 15.50    6616 0.01290  0.7266 94.36939 0.00009 0.00011 0.78981
 16.50    7274 0.01375  0.7909 85.49005 0.00009 0.00011 0.86014
 17.50    8391 0.01284  0.8526 90.02423 0.00009 0.00012 0.92243
 18.50    8620 0.01455  0.9194 79.93584 0.00010 0.00012 0.99912
 19.50   12365 0.01552  0.9942 73.02089 0.00010 0.00012 1.07302
 20.50   12286 0.01653  1.0740 66.58897 0.00010 0.00012 1.16453
 21.50   12951 0.01781  1.1572 61.96439 0.00010 0.00013 1.25726
 22.50   13596 0.01729  1.2343 64.70573 0.00010 0.00012 1.33836
 23.50   14229 0.01833  1.3267 60.46218 0.00010 0.00012 1.43962
