  0.50   12731 0.03010  0.0313 3.79443 0.00419 0.00081 8.85270
  1.50   25760 0.03026  0.0627 3.76987 0.00423 0.00082 0.21104
  2.50   64696 0.03072  0.1041 3.67404 0.00423 0.00083 0.20928
  3.50   65104 0.03054  0.1419 3.71350 0.00424 0.00083 0.28652
  4.50   92435 0.03073  0.1795 3.68179 0.00427 0.00084 0.33714
  5.50  106421 0.03086  0.2179 3.65570 0.00427 0.00084 0.40038
  6.50  148979 0.03082  0.2572 3.67237 0.00431 0.00085 0.45515
  7.50  180173 0.03112  0.3028 3.62208 0.00436 0.00086 0.52902
  8.50  170525 0.03133  0.3445 3.59249 0.00442 0.00087 0.60779
  9.50  217163 0.03139  0.3861 3.58665 0.00444 0.00088 0.67041
 10.50  252981 0.03167  0.4315 3.54279 0.00449 0.00089 0.74534
 11.50  245603 0.03184  0.4769 3.52270 0.00456 0.00090 0.82984
 12.50  364194 0.03216  0.5251 3.47246 0.00461 0.00092 0.89861
 13.50  311299 0.03236  0.5785 3.44568 0.00466 0.00093 1.00387
 14.50  425596 0.03273  0.6285 3.39309 0.00474 0.00095 1.08231
 15.50  426222 0.03304  0.6844 3.35069 0.00482 0.00097 1.18718
 16.50  462337 0.03338  0.7428 3.30312 0.00488 0.00098 1.29250
 17.50  522668 0.03381  0.8002 3.24394 0.00497 0.00101 1.39699
 18.50  526957 0.03415  0.8604 3.20048 0.00505 0.00103 1.51427
 19.50  747023 0.03462  0.9292 3.13588 0.00514 0.00105 1.62991
 20.50  744838 0.03513  1.0064 3.06826 0.00523 0.00107 1.78209
 21.50  789756 0.03558  1.0836 3.01321 0.00534 0.00110 1.93449
 22.50  855322 0.03603  1.1663 2.94998 0.00539 0.00112 2.09481
 23.50  933217 0.03652  1.2512 2.88835 0.00548 0.00114 2.26346
