  0.50    1359 0.10156  0.0679 3.80534 0.00113 0.00145 2.39039
  1.50    2673 0.10044  0.1317 3.92465 0.00110 0.00142 0.32752
  2.50    6755 0.10256  0.2198 3.65576 0.00110 0.00141 0.34008
  3.50    6708 0.10242  0.3087 3.64259 0.00107 0.00137 0.47643
  4.50   10049 0.10246  0.3852 3.68728 0.00112 0.00143 0.55842
  5.50   11617 0.10205  0.4739 3.71971 0.00109 0.00140 0.67012
  6.50   16230 0.09947  0.5694 4.03809 0.00107 0.00137 0.77270
  7.50   19425 0.09924  0.6645 4.02077 0.00104 0.00133 0.88794
  8.50   18283 0.09674  0.7574 4.34780 0.00101 0.00129 1.01639
  9.50   22720 0.09353  0.8511 4.72882 0.00096 0.00122 1.11399
 10.50   24813 0.08924  0.9537 5.30132 0.00088 0.00111 1.22897
 11.50   22783 0.08453  1.0543 6.01229 0.00082 0.00102 1.35198
 12.50   30358 0.07946  1.1547 6.83349 0.00072 0.00090 1.44112
 13.50   22943 0.07388  1.2619 7.86184 0.00062 0.00077 1.57432
 14.50   26794 0.07094  1.3666 8.38348 0.00053 0.00065 1.66501
 15.50   20576 0.06433  1.4835 9.91525 0.00040 0.00048 1.78773
 16.50   14444 0.05542  1.6124 12.48118 0.00025 0.00031 1.90953
 17.50    7714 0.04650  1.7755 15.91498 0.00012 0.00014 2.05763
 18.50    2139 0.03722  1.9446 21.17199 0.00003 0.00004 2.21321
 19.50     247 0.03565  2.1423 23.55532 0.00001 0.00001 2.60906
 20.50       0 0.00000  0.0000 0.00000 0.00000 0.00000 0.00000
 21.50       0 0.00000  0.0000 0.00000 0.00000 0.00000 0.00000
 22.50       0 0.00000  0.0000 0.00000 0.00000 0.00000 0.00000
 23.50       0 0.00000  0.0000 0.00000 0.00000 0.00000 0.00000
