  0.50    1072 0.08834  0.0591 6.27642 0.00079 0.00120 3.57350
  1.50    2117 0.09140  0.1143 5.67867 0.00077 0.00118 0.27167
  2.50    5536 0.08872  0.1985 6.22119 0.00080 0.00122 0.28760
  3.50    5648 0.09032  0.2739 5.91936 0.00080 0.00122 0.39766
  4.50    7898 0.08853  0.3473 6.23649 0.00078 0.00119 0.47178
  5.50    9306 0.08961  0.4227 6.03580 0.00079 0.00120 0.56132
  6.50   13399 0.08812  0.5009 6.33934 0.00080 0.00122 0.64120
  7.50   16033 0.08888  0.5950 6.16759 0.00078 0.00119 0.75033
  8.50   15101 0.08855  0.6850 6.20844 0.00076 0.00116 0.86875
  9.50   19161 0.08865  0.7685 6.16781 0.00074 0.00113 0.95511
 10.50   21280 0.08691  0.8598 6.45259 0.00070 0.00106 1.05886
 11.50   19812 0.08564  0.9550 6.67303 0.00066 0.00100 1.17578
 12.50   27096 0.08225  1.0511 7.29686 0.00060 0.00090 1.26330
 13.50   20347 0.07922  1.1531 7.86587 0.00052 0.00078 1.39617
 14.50   23816 0.07364  1.2588 9.13736 0.00044 0.00065 1.49395
 15.50   19225 0.06950  1.3688 10.12784 0.00035 0.00052 1.62000
 16.50   15502 0.06434  1.4878 11.52259 0.00025 0.00038 1.74663
 17.50   11450 0.05912  1.6134 13.18441 0.00016 0.00024 1.87357
 18.50    6171 0.05131  1.7653 16.38464 0.00009 0.00013 2.02990
 19.50    3029 0.04499  1.9411 19.63907 0.00003 0.00004 2.18704
 20.50     401 0.03825  2.1007 27.25262 0.00001 0.00001 2.40504
 21.50       0 0.00000  0.0000 0.00000 0.00000 0.00000 0.00000
 22.50       0 0.00000  0.0000 0.00000 0.00000 0.00000 0.00000
 23.50       0 0.00000  0.0000 0.00000 0.00000 0.00000 0.00000
