  0.50      75 0.06725  0.0849 14.01320 0.00005 0.00009 4.24431
  1.50     131 0.07006  0.1230 12.80630 0.00005 0.00008 0.25685
  2.50     373 0.06954  0.1718 13.58165 0.00005 0.00009 0.24062
  3.50     357 0.07093  0.2673 12.60166 0.00005 0.00009 0.36419
  4.50     545 0.07150  0.3230 12.52126 0.00005 0.00009 0.41877
  5.50     679 0.07404  0.3906 11.80797 0.00005 0.00010 0.49617
  6.50     949 0.07218  0.4656 12.57343 0.00005 0.00010 0.56792
  7.50    1132 0.07447  0.5402 11.71585 0.00005 0.00009 0.65201
  8.50    1086 0.07206  0.6226 12.46201 0.00005 0.00009 0.75521
  9.50    1356 0.07252  0.7057 12.28154 0.00005 0.00009 0.84053
 10.50    1638 0.07138  0.7829 12.69339 0.00005 0.00009 0.92297
 11.50    1498 0.07057  0.8607 12.85661 0.00005 0.00009 1.02170
 12.50    2211 0.06829  0.9565 13.84270 0.00005 0.00009 1.10937
 13.50    1723 0.06916  1.0454 13.33017 0.00004 0.00008 1.22768
 14.50    2172 0.06184  1.1227 16.29777 0.00004 0.00007 1.29321
 15.50    1751 0.06065  1.2158 16.97059 0.00003 0.00006 1.40483
 16.50    1731 0.05775  1.3172 18.42862 0.00003 0.00005 1.51120
 17.50    1478 0.05028  1.3912 22.65821 0.00002 0.00004 1.57783
 18.50     990 0.04763  1.5149 24.09791 0.00001 0.00003 1.71492
 19.50     706 0.03957  1.6747 32.37208 0.00001 0.00001 1.85289
 20.50      53 0.03132  1.7977 43.99718 0.00000 0.00001 2.32270
 21.50       0 0.00000  0.0000 0.00000 0.00000 0.00000 0.00000
 22.50       0 0.00000  0.0000 0.00000 0.00000 0.00000 0.00000
 23.50       0 0.00000  0.0000 0.00000 0.00000 0.00000 0.00000
