  0.50       0 0.00000  0.0000 0.00000 0.00000 0.00000 0.00000
  1.50       0 0.00000  0.0000 0.00000 0.00000 0.00000 0.00000
  2.50       0 0.00000  0.0000 0.00000 0.00000 0.00000 0.00000
  3.50       0 0.00000  0.0000 0.00000 0.00000 0.00000 0.00000
  4.50       0 0.00000  0.0000 0.00000 0.00000 0.00000 0.00000
  5.50   11837 0.16104  0.6117 -2.64495 0.00232 0.00350 1.02116
  6.50   49659 0.15642  0.6975 -1.31525 0.00425 0.00636 1.02618
  7.50   84775 0.14672  0.7964 0.03313 0.00579 0.00859 1.13553
  8.50   72295 0.13344  0.9166 0.89206 0.00504 0.00735 1.28572
  9.50   79428 0.12024  1.0430 1.89071 0.00417 0.00597 1.40245
 10.50   73761 0.10608  1.1766 3.20471 0.00320 0.00450 1.53239
 11.50   53507 0.09252  1.3118 4.80563 0.00231 0.00319 1.67716
 12.50   47844 0.08137  1.4601 6.28039 0.00134 0.00183 1.79058
 13.50   17364 0.06942  1.6266 8.27459 0.00055 0.00073 1.96195
 14.50    6001 0.05313  1.8036 12.94065 0.00013 0.00018 2.09092
 15.50     450 0.03526  1.9599 28.47671 0.00002 0.00002 2.26755
 16.50       0 0.00000  0.0000 0.00000 0.00000 0.00000 0.00000
 17.50       0 0.00000  0.0000 0.00000 0.00000 0.00000 0.00000
 18.50       0 0.00000  0.0000 0.00000 0.00000 0.00000 0.00000
 19.50       0 0.00000  0.0000 0.00000 0.00000 0.00000 0.00000
 20.50       0 0.00000  0.0000 0.00000 0.00000 0.00000 0.00000
 21.50       0 0.00000  0.0000 0.00000 0.00000 0.00000 0.00000
 22.50       0 0.00000  0.0000 0.00000 0.00000 0.00000 0.00000
 23.50       0 0.00000  0.0000 0.00000 0.00000 0.00000 0.00000
