  0.50     131 0.02132  0.0404 55.09430 0.00005 0.00007 8.36016
  1.50     240 0.02573  0.0584 44.60105 0.00005 0.00007 0.13656
  2.50     585 0.02647  0.0965 43.02296 0.00005 0.00007 0.12907
  3.50     642 0.02483  0.1495 45.82340 0.00005 0.00007 0.19487
  4.50     863 0.02542  0.1813 44.65739 0.00005 0.00007 0.22342
  5.50    1056 0.02582  0.2259 43.92241 0.00005 0.00007 0.27074
  6.50    1461 0.02696  0.2579 41.86605 0.00005 0.00007 0.29914
  7.50    1729 0.02806  0.3115 39.27232 0.00005 0.00007 0.35531
  8.50    1725 0.02670  0.3521 42.33626 0.00005 0.00008 0.40475
  9.50    2169 0.02697  0.4022 41.55954 0.00005 0.00008 0.45348
 10.50    2605 0.02691  0.4379 41.81091 0.00006 0.00008 0.49011
 11.50    2567 0.02842  0.4897 38.78055 0.00006 0.00008 0.55150
 12.50    3823 0.02798  0.5380 39.85996 0.00006 0.00008 0.59375
 13.50    3413 0.02881  0.5968 38.50987 0.00006 0.00009 0.66584
 14.50    4727 0.02992  0.6470 36.47576 0.00006 0.00009 0.71268
 15.50    4747 0.02994  0.7063 36.34608 0.00007 0.00009 0.78021
 16.50    5154 0.03092  0.7673 35.06072 0.00007 0.00009 0.84790
 17.50    5995 0.03168  0.8255 33.80262 0.00007 0.00010 0.91087
 18.50    6121 0.03227  0.8912 32.87257 0.00007 0.00010 0.98622
 19.50    8565 0.03324  0.9613 31.70447 0.00007 0.00010 1.05498
 20.50    8383 0.03284  1.0377 32.16348 0.00007 0.00010 1.14244
 21.50    8703 0.03338  1.1077 31.54999 0.00007 0.00010 1.22197
 22.50    9034 0.03343  1.1863 31.53564 0.00007 0.00010 1.30814
 23.50    9451 0.03462  1.2643 29.94872 0.00007 0.00010 1.39622
