  0.50   55764 0.07317  0.0511 1.38814 0.03315 0.00977 7.63826
  1.50  111532 0.07337  0.1083 1.37273 0.03300 0.00974 0.63150
  2.50  283148 0.07338  0.1812 1.37688 0.03316 0.00979 0.60718
  3.50  288745 0.07348  0.2571 1.37509 0.03329 0.00984 0.86306
  4.50  412908 0.07381  0.3255 1.36002 0.03338 0.00989 1.01504
  5.50  483946 0.07404  0.3958 1.35014 0.03347 0.00994 1.21038
  6.50  687311 0.07450  0.4759 1.32859 0.03357 0.01001 1.40132
  7.50  840019 0.07476  0.5642 1.31190 0.03349 0.01000 1.63886
  8.50  805231 0.07498  0.6516 1.29930 0.03346 0.01001 1.91315
  9.50 1042596 0.07516  0.7410 1.28302 0.03324 0.00996 2.13787
 10.50 1227476 0.07527  0.8400 1.26716 0.03291 0.00987 2.40687
 11.50 1194026 0.07530  0.9410 1.24807 0.03235 0.00971 2.71160
 12.50 1768745 0.07496  1.0553 1.23893 0.03148 0.00942 2.96766
 13.50 1490900 0.07440  1.1803 1.22687 0.03018 0.00899 3.34176
 14.50 1981233 0.07351  1.3118 1.22096 0.02859 0.00846 3.63359
 15.50 1892160 0.07219  1.4597 1.21837 0.02651 0.00776 4.00123
 16.50 1933749 0.07045  1.6154 1.22743 0.02422 0.00698 4.35145
 17.50 2008033 0.06840  1.7870 1.23461 0.02161 0.00612 4.70532
 18.50 1813392 0.06578  1.9811 1.25306 0.01870 0.00517 5.09218
 19.50 2204122 0.06230  2.2263 1.28828 0.01538 0.00413 5.46053
 20.50 1771455 0.05771  2.5390 1.35220 0.01174 0.00302 5.93923
 21.50 1423200 0.05234  2.9097 1.45857 0.00837 0.00205 6.40336
 22.50 1093220 0.04610  3.3345 1.65309 0.00553 0.00127 6.79608
 23.50  737110 0.03894  3.8115 1.98680 0.00320 0.00069 7.09010
