  0.50     151 0.02188  0.0299 51.43830 0.00006 0.00007 8.95905
  1.50     284 0.02235  0.0564 50.09815 0.00005 0.00007 0.11510
  2.50     716 0.02189  0.0956 51.38596 0.00005 0.00007 0.12159
  3.50     688 0.02146  0.1296 52.65998 0.00005 0.00007 0.16808
  4.50     988 0.02147  0.1581 52.74484 0.00005 0.00007 0.19182
  5.50    1137 0.02197  0.1874 51.26827 0.00005 0.00007 0.22454
  6.50    1523 0.02271  0.2253 49.16551 0.00005 0.00007 0.25844
  7.50    1949 0.02181  0.2618 51.70288 0.00005 0.00007 0.29524
  8.50    1823 0.02247  0.3015 49.88956 0.00005 0.00007 0.34262
  9.50    2403 0.02236  0.3360 50.49465 0.00006 0.00008 0.37520
 10.50    2717 0.02266  0.3799 49.55614 0.00005 0.00007 0.42040
 11.50    2679 0.02325  0.4150 47.91735 0.00006 0.00008 0.46203
 12.50    3916 0.02287  0.4569 48.98123 0.00006 0.00008 0.49830
 13.50    3303 0.02323  0.4986 48.01597 0.00006 0.00008 0.55019
 14.50    4477 0.02393  0.5451 46.31996 0.00006 0.00008 0.59472
 15.50    4546 0.02421  0.5943 45.71355 0.00006 0.00008 0.64861
 16.50    4942 0.02453  0.6354 45.07064 0.00006 0.00008 0.69341
 17.50    5673 0.02587  0.6870 42.19044 0.00006 0.00009 0.74965
 18.50    5562 0.02568  0.7336 42.54942 0.00006 0.00009 0.80173
 19.50    7908 0.02585  0.7879 42.24334 0.00007 0.00009 0.85317
 20.50    7931 0.02675  0.8522 40.53043 0.00007 0.00009 0.92685
 21.50    8074 0.02724  0.9095 39.58225 0.00007 0.00009 0.99092
 22.50    8627 0.02788  0.9680 38.44128 0.00007 0.00009 1.05620
 23.50    9014 0.02845  1.0280 37.51871 0.00007 0.00009 1.12357
