  0.50     317 0.02290  0.0241 41.61070 0.00011 0.00013 9.43372
  1.50     669 0.02341  0.0529 40.55930 0.00012 0.00013 0.11013
  2.50    1470 0.02272  0.0861 42.20318 0.00010 0.00012 0.11379
  3.50    1530 0.02271  0.1166 42.06916 0.00011 0.00012 0.15337
  4.50    2238 0.02265  0.1548 42.18099 0.00011 0.00013 0.18739
  5.50    2548 0.02247  0.1828 42.58865 0.00011 0.00013 0.21750
  6.50    3586 0.02354  0.2163 40.36232 0.00011 0.00013 0.24900
  7.50    4123 0.02321  0.2543 40.98399 0.00011 0.00012 0.28840
  8.50    4062 0.02295  0.2922 41.55597 0.00011 0.00013 0.33265
  9.50    5023 0.02350  0.3268 40.38571 0.00011 0.00013 0.36661
 10.50    5750 0.02338  0.3597 40.66711 0.00011 0.00013 0.40062
 11.50    5618 0.02382  0.3981 39.77223 0.00011 0.00013 0.44551
 12.50    8406 0.02377  0.4368 39.93680 0.00012 0.00013 0.47987
 13.50    6999 0.02423  0.4794 39.01015 0.00012 0.00013 0.53206
 14.50    9637 0.02424  0.5204 38.94718 0.00012 0.00014 0.57060
 15.50    9409 0.02457  0.5645 38.38792 0.00012 0.00014 0.61989
 16.50   10408 0.02517  0.6087 37.24509 0.00012 0.00014 0.66860
 17.50   11641 0.02554  0.6563 36.61387 0.00013 0.00014 0.71942
 18.50   11473 0.02575  0.7002 36.24807 0.00013 0.00014 0.76884
 19.50   16224 0.02584  0.7519 36.12106 0.00013 0.00015 0.81881
 20.50   15860 0.02649  0.8115 35.04290 0.00013 0.00015 0.88642
 21.50   16586 0.02657  0.8660 34.92258 0.00013 0.00015 0.94726
 22.50   17800 0.02708  0.9206 34.10829 0.00013 0.00015 1.00808
 23.50   19163 0.02778  0.9801 33.06792 0.00014 0.00016 1.07484
