  0.50     218 0.03012  0.0420 35.06640 0.00010 0.00013 7.37351
  1.50     433 0.03234  0.0676 32.00330 0.00010 0.00013 0.14142
  2.50    1029 0.03146  0.1087 33.15014 0.00009 0.00012 0.14573
  3.50    1013 0.03130  0.1580 33.31208 0.00009 0.00012 0.20930
  4.50    1433 0.03192  0.1923 32.45274 0.00009 0.00012 0.23841
  5.50    1678 0.03134  0.2372 33.42151 0.00009 0.00012 0.28787
  6.50    2392 0.03163  0.2866 33.03232 0.00009 0.00013 0.33383
  7.50    2964 0.03308  0.3322 31.12126 0.00010 0.00013 0.38212
  8.50    2798 0.03220  0.3806 32.20998 0.00010 0.00013 0.44050
  9.50    3600 0.03295  0.4282 31.34073 0.00010 0.00013 0.48701
 10.50    4193 0.03369  0.4783 30.49106 0.00010 0.00014 0.54091
 11.50    3990 0.03381  0.5306 30.24274 0.00010 0.00013 0.60345
 12.50    6251 0.03461  0.5895 29.33089 0.00010 0.00014 0.65658
 13.50    5355 0.03487  0.6488 29.05539 0.00011 0.00014 0.73090
 14.50    7399 0.03590  0.7066 27.97012 0.00011 0.00015 0.78739
 15.50    7388 0.03640  0.7687 27.46161 0.00011 0.00015 0.86030
 16.50    8085 0.03699  0.8327 26.88230 0.00011 0.00015 0.93223
 17.50    9133 0.03748  0.8988 26.37131 0.00011 0.00015 1.00505
 18.50    8792 0.03746  0.9630 26.35002 0.00011 0.00015 1.07958
 19.50   12384 0.03825  1.0396 25.61196 0.00011 0.00015 1.15723
 20.50   11682 0.03812  1.1197 25.74025 0.00011 0.00014 1.24935
 21.50   11646 0.03923  1.1970 24.64565 0.00010 0.00014 1.34020
 22.50   12025 0.03894  1.2693 24.91515 0.00010 0.00013 1.42056
 23.50   11804 0.03803  1.3547 25.70412 0.00009 0.00012 1.51271
