  0.50     274 0.04161  0.0400 23.34120 0.00013 0.00019 6.90545
  1.50     555 0.03789  0.0713 26.94195 0.00013 0.00019 0.15763
  2.50    1354 0.03872  0.1246 25.97724 0.00013 0.00019 0.16683
  3.50    1424 0.03842  0.1729 26.35164 0.00013 0.00019 0.23419
  4.50    2013 0.03882  0.2194 26.03801 0.00014 0.00019 0.27545
  5.50    2307 0.03882  0.2656 25.89845 0.00013 0.00019 0.32685
  6.50    3378 0.03994  0.3215 24.92313 0.00014 0.00020 0.37993
  7.50    4034 0.03981  0.3784 25.08085 0.00014 0.00020 0.44087
  8.50    3720 0.03990  0.4305 25.07105 0.00014 0.00020 0.50531
  9.50    5042 0.04196  0.4837 23.30143 0.00015 0.00021 0.55869
 10.50    5916 0.04229  0.5457 23.01335 0.00015 0.00021 0.62564
 11.50    5816 0.04209  0.6085 23.14838 0.00015 0.00022 0.70018
 12.50    8784 0.04254  0.6690 22.88191 0.00015 0.00022 0.75461
 13.50    7567 0.04330  0.7441 22.24278 0.00015 0.00022 0.84995
 14.50   10472 0.04453  0.8073 21.30023 0.00016 0.00023 0.91177
 15.50   10438 0.04553  0.8917 20.56188 0.00016 0.00023 1.01075
 16.50   11171 0.04518  0.9693 20.81930 0.00015 0.00022 1.09807
 17.50   12249 0.04470  1.0375 21.14954 0.00015 0.00022 1.17296
 18.50   11979 0.04516  1.1204 20.79439 0.00015 0.00021 1.26919
 19.50   15882 0.04591  1.2086 20.24747 0.00014 0.00020 1.35732
 20.50   14061 0.04488  1.3025 20.83661 0.00012 0.00018 1.46540
 21.50   13069 0.04418  1.4025 21.27628 0.00011 0.00016 1.57774
 22.50   11874 0.04312  1.4999 21.92081 0.00009 0.00013 1.68427
 23.50   10385 0.04129  1.6021 23.29569 0.00008 0.00011 1.79345
