  0.50      15 0.00963  0.0193 163.43700 0.00000 0.00001 10.08306
  1.50      26 0.01118  0.0283 139.38300 0.00000 0.00001 0.08562
  2.50      48 0.01401  0.0817 117.25990 0.00000 0.00001 0.10871
  3.50      29 0.01065  0.0952 147.06600 0.00000 0.00001 0.16869
  4.50      83 0.01351  0.1230 116.56693 0.00000 0.00001 0.15378
  5.50      60 0.01196  0.1709 136.10640 0.00000 0.00001 0.21493
  6.50     141 0.01238  0.1927 142.00492 0.00000 0.00001 0.22150
  7.50     164 0.01265  0.2348 126.51802 0.00000 0.00001 0.26673
  8.50     148 0.01110  0.2552 154.52690 0.00000 0.00001 0.29703
  9.50     245 0.01176  0.2750 149.82123 0.00001 0.00001 0.30879
 10.50     190 0.01040  0.3112 170.19221 0.00000 0.00001 0.34996
 11.50     243 0.01295  0.3615 125.54001 0.00001 0.00001 0.39620
 12.50     381 0.01401  0.3864 113.59607 0.00001 0.00001 0.41418
 13.50     296 0.01421  0.4267 113.82116 0.00000 0.00001 0.46263
 14.50     390 0.01421  0.4525 110.66690 0.00000 0.00001 0.48346
 15.50     415 0.01471  0.5074 113.89318 0.00001 0.00001 0.54245
 16.50     427 0.01455  0.5349 108.52756 0.00001 0.00001 0.57312
 17.50     494 0.01410  0.5860 114.22955 0.00001 0.00001 0.62498
 18.50     493 0.01575  0.6099 101.03356 0.00001 0.00001 0.65425
 19.50     712 0.01378  0.6558 119.04151 0.00001 0.00001 0.69657
 20.50     696 0.01474  0.6954 109.48547 0.00001 0.00001 0.74388
 21.50     706 0.01210  0.7455 144.42558 0.00001 0.00001 0.79827
 22.50     760 0.01408  0.7881 124.13097 0.00001 0.00001 0.84503
 23.50     878 0.01626  0.8364 109.58997 0.00001 0.00001 0.89446
