  0.50     122 0.01713  0.0407 68.13960 0.00004 0.00006 9.62995
  1.50     238 0.01970  0.0536 57.91650 0.00004 0.00005 0.11081
  2.50     605 0.01907  0.0898 61.08940 0.00004 0.00005 0.11285
  3.50     598 0.01838  0.1170 62.94118 0.00004 0.00005 0.15012
  4.50     831 0.01901  0.1427 60.62470 0.00004 0.00005 0.17293
  5.50    1012 0.01903  0.1696 60.76699 0.00004 0.00006 0.20213
  6.50    1355 0.01858  0.2032 62.23115 0.00004 0.00005 0.23210
  7.50    1535 0.01929  0.2398 59.47815 0.00004 0.00005 0.26893
  8.50    1596 0.01924  0.2725 59.79767 0.00004 0.00006 0.30792
  9.50    1960 0.01967  0.3030 58.28881 0.00004 0.00006 0.33635
 10.50    2265 0.01910  0.3397 60.40830 0.00004 0.00006 0.37359
 11.50    2261 0.01933  0.3744 59.62178 0.00004 0.00006 0.41372
 12.50    3226 0.01942  0.4125 59.19926 0.00004 0.00006 0.44682
 13.50    2817 0.01957  0.4484 58.74261 0.00005 0.00006 0.49083
 14.50    3723 0.01996  0.4870 57.50709 0.00005 0.00006 0.52680
 15.50    3590 0.02040  0.5287 55.99970 0.00004 0.00006 0.57420
 16.50    4034 0.02020  0.5697 56.58273 0.00005 0.00006 0.61782
 17.50    4555 0.02148  0.6126 52.55218 0.00005 0.00007 0.66269
 18.50    4518 0.02121  0.6476 53.42470 0.00005 0.00007 0.70137
 19.50    6457 0.02231  0.6995 50.27956 0.00005 0.00007 0.75141
 20.50    6253 0.02246  0.7525 49.97239 0.00005 0.00007 0.81071
 21.50    6559 0.02229  0.8025 50.45854 0.00005 0.00007 0.86457
 22.50    7032 0.02318  0.8543 48.16924 0.00005 0.00007 0.92207
 23.50    7627 0.02385  0.9063 46.49232 0.00005 0.00007 0.97937
