  0.50     302 0.04085  0.0376 23.62680 0.00016 0.00022 6.19633
  1.50     534 0.04156  0.0791 22.93230 0.00014 0.00019 0.17901
  2.50    1445 0.04258  0.1289 22.22764 0.00015 0.00021 0.17581
  3.50    1370 0.04252  0.1809 22.23724 0.00014 0.00019 0.24612
  4.50    2016 0.04230  0.2399 22.42521 0.00015 0.00020 0.30141
  5.50    2386 0.04326  0.2860 21.72443 0.00015 0.00021 0.35363
  6.50    3382 0.04337  0.3385 21.68330 0.00015 0.00021 0.40293
  7.50    4178 0.04439  0.4015 20.95889 0.00016 0.00021 0.47119
  8.50    3956 0.04473  0.4562 20.74726 0.00016 0.00022 0.54033
  9.50    5154 0.04479  0.5218 20.72351 0.00016 0.00022 0.60651
 10.50    6103 0.04624  0.5847 19.73308 0.00016 0.00022 0.67551
 11.50    5978 0.04642  0.6479 19.64971 0.00016 0.00023 0.75270
 12.50    9042 0.04730  0.7190 19.11507 0.00017 0.00023 0.82060
 13.50    7764 0.04679  0.7870 19.48601 0.00017 0.00023 0.90815
 14.50   10610 0.04817  0.8613 18.57949 0.00017 0.00023 0.98332
 15.50   10318 0.04787  0.9392 18.77963 0.00016 0.00023 1.07551
 16.50   11112 0.04824  1.0186 18.50097 0.00016 0.00022 1.16688
 17.50   12013 0.04772  1.0956 18.81600 0.00016 0.00022 1.25146
 18.50   11300 0.04784  1.1698 18.67831 0.00015 0.00020 1.34046
 19.50   14961 0.04732  1.2519 18.97575 0.00014 0.00019 1.42012
 20.50   13137 0.04529  1.3496 20.18602 0.00012 0.00017 1.53009
 21.50   11908 0.04396  1.4513 20.93948 0.00011 0.00015 1.64373
 22.50   10448 0.04083  1.5497 23.18012 0.00009 0.00012 1.74427
 23.50    8265 0.03871  1.6787 24.72460 0.00006 0.00009 1.88282
