  0.50    5788 0.07958  0.0535 5.81812 0.00401 0.00429 3.79787
  1.50   11844 0.07683  0.1119 6.31583 0.00409 0.00435 0.27362
  2.50   29658 0.07751  0.1889 6.18508 0.00405 0.00431 0.28245
  3.50   30345 0.07728  0.2616 6.23222 0.00408 0.00434 0.39907
  4.50   43395 0.07799  0.3347 6.10823 0.00408 0.00435 0.47118
  5.50   50896 0.07783  0.4062 6.13885 0.00409 0.00436 0.56141
  6.50   72647 0.07820  0.4849 6.08321 0.00413 0.00440 0.64603
  7.50   88800 0.07811  0.5749 6.09643 0.00411 0.00438 0.75598
  8.50   84750 0.07834  0.6609 6.04946 0.00409 0.00436 0.87401
  9.50  108414 0.07725  0.7444 6.22928 0.00402 0.00429 0.96706
 10.50  125600 0.07608  0.8353 6.41922 0.00394 0.00418 1.07418
 11.50  119374 0.07497  0.9250 6.59769 0.00380 0.00403 1.19215
 12.50  171406 0.07305  1.0275 6.91554 0.00361 0.00382 1.29376
 13.50  140194 0.07064  1.1321 7.34589 0.00339 0.00357 1.43067
 14.50  178095 0.06767  1.2361 7.91704 0.00311 0.00326 1.53472
 15.50  160829 0.06401  1.3536 8.67719 0.00276 0.00288 1.67023
 16.50  152706 0.06108  1.4683 9.30298 0.00239 0.00247 1.79106
 17.50  142065 0.05916  1.5860 9.65834 0.00195 0.00200 1.91191
 18.50  108486 0.05328  1.7157 11.28510 0.00146 0.00149 2.04660
 19.50   93225 0.04655  1.8795 13.54812 0.00087 0.00088 2.19473
 20.50   38264 0.03913  2.0724 16.70768 0.00035 0.00035 2.39363
 21.50    9313 0.03317  2.2813 19.89179 0.00008 0.00008 2.68987
 22.50    1026 0.02359  2.4609 32.85815 0.00001 0.00001 2.68602
 23.50       0 0.00000  0.0000 0.00000 0.00000 0.00000 0.00000
