  0.50       0 0.00000  0.0000 0.00000 0.00000 0.00000 0.00000
  1.50       0 0.00000  0.0000 0.00000 0.00000 0.00000 0.00000
  2.50       0 0.00000  0.0000 0.00000 0.00000 0.00000 0.00000
  3.50       0 0.00000  0.0000 0.00000 0.00000 0.00000 0.00000
  4.50       0 0.00000  0.0000 0.00000 0.00000 0.00000 0.00000
  5.50       0 0.00000  0.0000 0.00000 0.00000 0.00000 0.00000
  6.50       0 0.00000  0.0000 0.00000 0.00000 0.00000 0.00000
  7.50     163 0.15246  0.9419 -1.02303 0.00005 0.00009 1.42295
  8.50     850 0.12579  0.9653 2.52352 0.00013 0.00024 1.28064
  9.50     415 0.09073  1.0104 8.26884 0.00006 0.00010 1.26037
 10.50      13 0.07748  1.1203 9.63216 0.00002 0.00004 2.76592
 11.50       0 0.00000  0.0000 0.00000 0.00000 0.00000 0.00000
 12.50       0 0.00000  0.0000 0.00000 0.00000 0.00000 0.00000
 13.50       0 0.00000  0.0000 0.00000 0.00000 0.00000 0.00000
 14.50       0 0.00000  0.0000 0.00000 0.00000 0.00000 0.00000
 15.50       0 0.00000  0.0000 0.00000 0.00000 0.00000 0.00000
 16.50       0 0.00000  0.0000 0.00000 0.00000 0.00000 0.00000
 17.50       0 0.00000  0.0000 0.00000 0.00000 0.00000 0.00000
 18.50       0 0.00000  0.0000 0.00000 0.00000 0.00000 0.00000
 19.50       0 0.00000  0.0000 0.00000 0.00000 0.00000 0.00000
 20.50       0 0.00000  0.0000 0.00000 0.00000 0.00000 0.00000
 21.50       0 0.00000  0.0000 0.00000 0.00000 0.00000 0.00000
 22.50       0 0.00000  0.0000 0.00000 0.00000 0.00000 0.00000
 23.50       0 0.00000  0.0000 0.00000 0.00000 0.00000 0.00000
