  0.50    2209 0.15584  0.0775 -0.03677 0.00229 0.00318 0.39275
  1.50    4181 0.15291  0.1485 0.07032 0.00215 0.00297 0.38375
  2.50   10801 0.15072  0.2570 0.21477 0.00218 0.00300 0.43651
  3.50   10719 0.14860  0.3572 0.31138 0.00210 0.00288 0.60480
  4.50   15220 0.14685  0.4533 0.40119 0.00206 0.00282 0.71501
  5.50   17273 0.14232  0.5445 0.65978 0.00197 0.00269 0.83610
  6.50   22895 0.13760  0.6542 0.90349 0.00181 0.00245 0.95555
  7.50   26384 0.12965  0.7622 1.42700 0.00168 0.00225 1.08246
  8.50   22925 0.12152  0.8760 1.99702 0.00150 0.00198 1.23092
  9.50   26585 0.11144  0.9832 2.84242 0.00132 0.00171 1.33255
 10.50   26801 0.10135  1.1026 3.82430 0.00110 0.00142 1.45589
 11.50   22240 0.09137  1.2068 5.01991 0.00092 0.00117 1.57376
 12.50   26845 0.08078  1.3139 6.62817 0.00074 0.00092 1.64970
 13.50   15981 0.07121  1.4287 8.26364 0.00050 0.00062 1.77428
 14.50   11689 0.06106  1.5694 10.53434 0.00026 0.00032 1.87541
 15.50    3564 0.04754  1.7388 14.90964 0.00008 0.00009 2.02653
 16.50     394 0.04319  1.9007 16.65880 0.00001 0.00002 2.27189
 17.50       0 0.00000  0.0000 0.00000 0.00000 0.00000 0.00000
 18.50       0 0.00000  0.0000 0.00000 0.00000 0.00000 0.00000
 19.50       0 0.00000  0.0000 0.00000 0.00000 0.00000 0.00000
 20.50       0 0.00000  0.0000 0.00000 0.00000 0.00000 0.00000
 21.50       0 0.00000  0.0000 0.00000 0.00000 0.00000 0.00000
 22.50       0 0.00000  0.0000 0.00000 0.00000 0.00000 0.00000
 23.50       0 0.00000  0.0000 0.00000 0.00000 0.00000 0.00000
