  0.50   38134 0.05837  0.0450 1.78699 0.01905 0.00492 8.05975
  1.50   76775 0.05796  0.0914 1.82231 0.01911 0.00492 0.45270
  2.50  193687 0.05832  0.1545 1.79556 0.01914 0.00494 0.44169
  3.50  197661 0.05841  0.2181 1.79774 0.01931 0.00499 0.62407
  4.50  281265 0.05862  0.2763 1.78499 0.01936 0.00502 0.73559
  5.50  329169 0.05884  0.3365 1.77512 0.01949 0.00506 0.87769
  6.50  465722 0.05919  0.4027 1.75592 0.01963 0.00511 1.01285
  7.50  568713 0.05966  0.4763 1.72707 0.01974 0.00516 1.18452
  8.50  545334 0.05987  0.5492 1.71976 0.01991 0.00522 1.38079
  9.50  705715 0.06037  0.6205 1.68744 0.01998 0.00526 1.53909
 10.50  835830 0.06069  0.7002 1.67137 0.02013 0.00532 1.72867
 11.50  819928 0.06108  0.7817 1.64600 0.02018 0.00535 1.94913
 12.50 1234813 0.06159  0.8737 1.61168 0.02021 0.00538 2.14430
 13.50 1068779 0.06187  0.9739 1.58883 0.02015 0.00538 2.42627
 14.50 1464165 0.06207  1.0778 1.56318 0.01992 0.00533 2.65601
 15.50 1464852 0.06215  1.1933 1.54167 0.01960 0.00525 2.95352
 16.50 1570116 0.06204  1.3120 1.51941 0.01903 0.00509 3.24315
 17.50 1731196 0.06177  1.4371 1.49953 0.01831 0.00489 3.53510
 18.50 1687020 0.06121  1.5709 1.48875 0.01741 0.00462 3.85261
 19.50 2259062 0.06019  1.7307 1.48598 0.01614 0.00425 4.15717
 20.50 2082991 0.05873  1.9195 1.49142 0.01457 0.00378 4.55668
 21.50 1991067 0.05694  2.1204 1.50510 0.01286 0.00328 4.94075
 22.50 1914929 0.05469  2.3436 1.53551 0.01105 0.00276 5.32384
 23.50 1778310 0.05183  2.6027 1.59187 0.00912 0.00222 5.72249
