  0.50     124 0.00500  0.0285 246.47300 0.00005 0.00006 8.79523
  1.50     233 0.00583  0.0605 211.77350 0.00004 0.00005 0.12170
  2.50     667 0.00500  0.0971 247.72780 0.00005 0.00006 0.12400
  3.50     623 0.00537  0.1382 232.20500 0.00005 0.00006 0.17688
  4.50     821 0.00564  0.1921 229.29029 0.00004 0.00005 0.22661
  5.50    1038 0.00548  0.2212 232.96162 0.00005 0.00006 0.25751
  6.50    1528 0.00540  0.2611 231.70027 0.00005 0.00006 0.29357
  7.50    1835 0.00577  0.3053 223.19192 0.00005 0.00006 0.33936
  8.50    1791 0.00617  0.3494 206.86225 0.00005 0.00007 0.39061
  9.50    2388 0.00584  0.4008 224.04463 0.00006 0.00007 0.44003
 10.50    2727 0.00619  0.4410 210.18053 0.00006 0.00007 0.48182
 11.50    2696 0.00697  0.4840 190.80432 0.00006 0.00007 0.53186
 12.50    4321 0.00672  0.5325 192.90900 0.00006 0.00008 0.57435
 13.50    3598 0.00767  0.5857 178.35262 0.00006 0.00008 0.63842
 14.50    5048 0.00877  0.6433 158.98762 0.00006 0.00008 0.69301
 15.50    5319 0.00904  0.6989 151.35816 0.00007 0.00009 0.75456
 16.50    5776 0.00966  0.7612 131.48849 0.00007 0.00009 0.82203
 17.50    6979 0.01037  0.8171 120.73625 0.00008 0.00009 0.88075
 18.50    6931 0.01136  0.8768 108.47023 0.00008 0.00009 0.94810
 19.50    9950 0.01245  0.9536 96.12924 0.00008 0.00010 1.02352
 20.50   10323 0.01387  1.0310 84.68965 0.00008 0.00010 1.11206
 21.50   10571 0.01384  1.1042 82.77886 0.00008 0.00010 1.19252
 22.50   11515 0.01503  1.1838 76.31490 0.00008 0.00010 1.27936
 23.50   12254 0.01514  1.2631 75.52692 0.00008 0.00010 1.36369
