  0.50    8073 0.04006  0.0352 8.97315 0.00373 0.00002 1.22324
  1.50   16078 0.03991  0.0783 9.02390 0.00371 0.00001 0.19876
  2.50   40101 0.03944  0.1283 9.18036 0.00368 0.00000 0.19614
  3.50   41100 0.04057  0.1821 8.80206 0.00374 0.00001 0.27926
  4.50   58406 0.04046  0.2318 8.84202 0.00376 0.00000 0.32963
  5.50   68143 0.04046  0.2793 8.85460 0.00380 0.00000 0.38852
  6.50   96516 0.04078  0.3339 8.75750 0.00385 0.00000 0.44710
  7.50  117132 0.04106  0.3911 8.67368 0.00388 0.00000 0.51627
  8.50  111489 0.04136  0.4508 8.58189 0.00392 0.00000 0.60081
  9.50  145526 0.04183  0.5068 8.45092 0.00401 0.00000 0.66464
 10.50  170462 0.04232  0.5691 8.30280 0.00403 0.00000 0.74194
 11.50  167580 0.04286  0.6326 8.15164 0.00410 0.00000 0.83114
 12.50  252256 0.04327  0.7030 8.03954 0.00415 0.00000 0.90685
 13.50  218239 0.04373  0.7797 7.91197 0.00419 0.00000 1.01976
 14.50  301892 0.04428  0.8574 7.76381 0.00424 0.00000 1.10923
 15.50  303943 0.04469  0.9397 7.65305 0.00427 0.00000 1.22244
 16.50  330930 0.04507  1.0241 7.54949 0.00428 0.00000 1.33463
 17.50  372346 0.04542  1.1140 7.44752 0.00426 0.00000 1.45154
 18.50  369715 0.04565  1.2040 7.37303 0.00420 0.00000 1.57537
 19.50  508446 0.04557  1.3077 7.36376 0.00408 0.00000 1.69526
 20.50  484920 0.04536  1.4217 7.38259 0.00391 0.00000 1.84868
 21.50  483472 0.04465  1.5387 7.52513 0.00369 0.00000 1.99776
 22.50  487314 0.04386  1.6530 7.68091 0.00343 0.00000 2.14073
 23.50  480267 0.04261  1.7759 7.96322 0.00311 0.00000 2.28835
