  0.50       0 0.00000  0.0000 0.00000 0.00000 0.00000 0.00000
  1.50       0 0.00000  0.0000 0.00000 0.00000 0.00000 0.00000
  2.50       0 0.00000  0.0000 0.00000 0.00000 0.00000 0.00000
  3.50       0 0.00000  0.0000 0.00000 0.00000 0.00000 0.00000
  4.50      23 0.05221  0.7001 3.15324 0.00002 0.00000 0.87018
  5.50     157 0.04134  0.5276 4.46408 0.00004 0.00000 0.70780
  6.50     768 0.04707  0.2469 3.55570 0.00014 0.00000 0.33347
  7.50   22683 0.09767  0.4457 0.93531 0.00266 0.00001 0.93850
  8.50  237670 0.13223  1.1639 0.25576 0.02682 0.00002 2.20719
  9.50  228721 0.10195  1.3380 1.53323 0.01910 0.00001 2.22863
 10.50   96157 0.07516  1.5037 2.69864 0.00657 0.00000 2.23426
 11.50   17805 0.05388  1.6926 4.09951 0.00119 0.00000 2.30642
 12.50    1833 0.03709  2.0302 6.42904 0.00010 0.00000 2.52345
 13.50       0 0.00000  0.0000 0.00000 0.00000 0.00000 0.00000
 14.50       0 0.00000  0.0000 0.00000 0.00000 0.00000 0.00000
 15.50       0 0.00000  0.0000 0.00000 0.00000 0.00000 0.00000
 16.50       0 0.00000  0.0000 0.00000 0.00000 0.00000 0.00000
 17.50       0 0.00000  0.0000 0.00000 0.00000 0.00000 0.00000
 18.50       0 0.00000  0.0000 0.00000 0.00000 0.00000 0.00000
 19.50       0 0.00000  0.0000 0.00000 0.00000 0.00000 0.00000
 20.50       0 0.00000  0.0000 0.00000 0.00000 0.00000 0.00000
 21.50       0 0.00000  0.0000 0.00000 0.00000 0.00000 0.00000
 22.50       0 0.00000  0.0000 0.00000 0.00000 0.00000 0.00000
 23.50       0 0.00000  0.0000 0.00000 0.00000 0.00000 0.00000
