  0.50    2804 0.04179  0.0303 16.38460 0.00130 0.00130 7.00028
  1.50    5634 0.04218  0.0737 16.16770 0.00130 0.00130 0.16276
  2.50   14488 0.04292  0.1248 15.78170 0.00133 0.00133 0.17297
  3.50   14653 0.04242  0.1702 16.05590 0.00134 0.00134 0.23362
  4.50   20685 0.04310  0.2171 15.69051 0.00134 0.00134 0.27809
  5.50   24225 0.04339  0.2656 15.54424 0.00135 0.00136 0.33462
  6.50   33979 0.04364  0.3151 15.42276 0.00136 0.00137 0.38109
  7.50   41533 0.04339  0.3712 15.57580 0.00139 0.00139 0.44323
  8.50   39307 0.04414  0.4249 15.17854 0.00140 0.00140 0.51264
  9.50   50904 0.04423  0.4784 15.15027 0.00142 0.00142 0.56756
 10.50   59773 0.04480  0.5363 14.87005 0.00143 0.00144 0.63211
 11.50   58229 0.04533  0.5956 14.61221 0.00145 0.00146 0.70573
 12.50   87986 0.04566  0.6592 14.48127 0.00148 0.00149 0.76803
 13.50   75793 0.04600  0.7264 14.32347 0.00149 0.00150 0.85465
 14.50  104313 0.04636  0.7979 14.16306 0.00151 0.00152 0.92882
 15.50  104422 0.04675  0.8693 13.98777 0.00152 0.00153 1.01559
 16.50  112395 0.04687  0.9471 13.92883 0.00151 0.00152 1.10550
 17.50  125406 0.04721  1.0224 13.76927 0.00150 0.00152 1.19204
 18.50  124152 0.04720  1.1019 13.76752 0.00148 0.00150 1.28795
 19.50  170747 0.04674  1.1900 13.95923 0.00145 0.00146 1.37811
 20.50  162153 0.04626  1.2874 14.14948 0.00139 0.00140 1.49353
 21.50  160946 0.04544  1.3852 14.49328 0.00132 0.00133 1.60536
 22.50  159682 0.04431  1.4815 14.97978 0.00122 0.00122 1.71286
 23.50  156916 0.04279  1.5814 15.69398 0.00111 0.00111 1.82277
