  0.50     308 0.02164  0.0237 44.48190 0.00010 0.00012 9.65430
  1.50     602 0.02206  0.0486 43.46320 0.00010 0.00012 0.10593
  2.50    1450 0.02148  0.0886 44.89706 0.00010 0.00011 0.11508
  3.50    1425 0.02172  0.1105 44.25976 0.00010 0.00011 0.14533
  4.50    2116 0.02173  0.1501 44.25813 0.00010 0.00012 0.18127
  5.50    2451 0.02158  0.1747 44.75011 0.00010 0.00012 0.20789
  6.50    3462 0.02175  0.2106 44.33015 0.00010 0.00012 0.24161
  7.50    3909 0.02256  0.2493 42.33693 0.00010 0.00011 0.28209
  8.50    3823 0.02169  0.2807 44.40323 0.00010 0.00012 0.31930
  9.50    4814 0.02220  0.3179 43.16467 0.00010 0.00012 0.35559
 10.50    5507 0.02244  0.3473 42.64886 0.00010 0.00012 0.38599
 11.50    5225 0.02209  0.3827 43.50846 0.00010 0.00012 0.42695
 12.50    7914 0.02261  0.4247 42.30050 0.00011 0.00012 0.46517
 13.50    6610 0.02323  0.4646 40.94545 0.00011 0.00012 0.51441
 14.50    9023 0.02322  0.5010 41.00492 0.00011 0.00013 0.54817
 15.50    9016 0.02324  0.5473 40.95448 0.00011 0.00013 0.59951
 16.50    9556 0.02362  0.5870 40.16585 0.00011 0.00013 0.64257
 17.50   11039 0.02405  0.6287 39.31536 0.00012 0.00013 0.68724
 18.50   10880 0.02465  0.6772 38.13601 0.00012 0.00013 0.74171
 19.50   15146 0.02456  0.7227 38.33909 0.00012 0.00014 0.78440
 20.50   14959 0.02512  0.7787 37.37693 0.00012 0.00014 0.84816
 21.50   15441 0.02523  0.8343 37.11503 0.00012 0.00014 0.90953
 22.50   16620 0.02567  0.8848 36.34864 0.00012 0.00014 0.96509
 23.50   17976 0.02618  0.9380 35.50765 0.00013 0.00015 1.02455
