  0.50      15 0.01004  0.0072 156.32000 0.00001 0.00001 9.80748
  1.50      28 0.01326  0.0473 116.06250 0.00000 0.00001 0.10276
  2.50      61 0.01446  0.0733 109.99854 0.00000 0.00001 0.09529
  3.50      30 0.01232  0.1257 125.35800 0.00001 0.00001 0.20274
  4.50      86 0.01504  0.1303 110.24262 0.00000 0.00001 0.16226
  5.50      98 0.01399  0.1744 114.71454 0.00000 0.00001 0.20851
  6.50     127 0.01387  0.1993 119.45180 0.00000 0.00001 0.23260
  7.50     178 0.01359  0.2371 113.61717 0.00000 0.00001 0.26991
  8.50     182 0.01115  0.2640 145.28927 0.00001 0.00001 0.30453
  9.50     226 0.01379  0.2844 122.25124 0.00001 0.00001 0.32058
 10.50     237 0.01121  0.3336 154.01120 0.00000 0.00001 0.36754
 11.50     258 0.01461  0.3675 109.48827 0.00001 0.00001 0.40242
 12.50     390 0.01413  0.3931 114.37082 0.00001 0.00001 0.42107
 13.50     344 0.01559  0.4379 101.86398 0.00001 0.00001 0.47359
 14.50     425 0.01572  0.4701 99.72028 0.00001 0.00001 0.50399
 15.50     456 0.01637  0.5231 98.32552 0.00001 0.00001 0.56069
 16.50     455 0.01447  0.5620 116.27212 0.00001 0.00001 0.60133
 17.50     540 0.01644  0.6001 94.67668 0.00001 0.00001 0.64252
 18.50     535 0.01524  0.6327 101.58652 0.00001 0.00001 0.67936
 19.50     773 0.01525  0.6821 106.57846 0.00001 0.00001 0.72782
 20.50     765 0.01423  0.7238 114.14361 0.00001 0.00001 0.77540
 21.50     728 0.01489  0.7670 122.69858 0.00001 0.00001 0.82542
 22.50     858 0.01661  0.8198 105.21167 0.00001 0.00001 0.87756
 23.50     902 0.01979  0.8820 76.65341 0.00001 0.00001 0.94103
