  0.50     257 0.01338  0.0450 83.48900 0.00011 0.00013 8.03476
  1.50     435 0.01049  0.0749 119.87890 0.00009 0.00011 0.14490
  2.50    1201 0.01307  0.1140 86.43768 0.00010 0.00012 0.14785
  3.50    1231 0.01368  0.1649 84.08874 0.00010 0.00013 0.21049
  4.50    1637 0.01187  0.2061 96.27259 0.00010 0.00012 0.24718
  5.50    2099 0.01330  0.2393 104.25729 0.00011 0.00013 0.28350
  6.50    2892 0.01467  0.2913 78.83835 0.00011 0.00013 0.33303
  7.50    3542 0.01454  0.3397 80.39257 0.00011 0.00013 0.38286
  8.50    3370 0.01433  0.3931 78.54653 0.00011 0.00014 0.44604
  9.50    4490 0.01423  0.4407 81.40461 0.00011 0.00014 0.49167
 10.50    5283 0.01618  0.4929 68.65229 0.00012 0.00015 0.54736
 11.50    5442 0.01483  0.5454 77.44879 0.00012 0.00016 0.60668
 12.50    8017 0.01705  0.5992 66.07229 0.00012 0.00016 0.65631
 13.50    7063 0.01794  0.6668 61.38513 0.00013 0.00016 0.73784
 14.50    9944 0.01857  0.7274 58.45350 0.00013 0.00017 0.79608
 15.50    9968 0.01933  0.7923 55.64353 0.00014 0.00017 0.87008
 16.50   11169 0.01964  0.8574 55.19738 0.00014 0.00018 0.94110
 17.50   12654 0.02090  0.9302 50.80588 0.00014 0.00018 1.02087
 18.50   13083 0.02106  1.0063 50.27012 0.00015 0.00019 1.10695
 19.50   18071 0.02136  1.0840 49.71319 0.00015 0.00018 1.18211
 20.50   17400 0.02280  1.1753 45.60440 0.00014 0.00018 1.28743
 21.50   17714 0.02298  1.2635 44.89865 0.00014 0.00018 1.38450
 22.50   18013 0.02305  1.3584 45.14261 0.00013 0.00017 1.48744
 23.50   17967 0.02313  1.4544 44.80743 0.00012 0.00015 1.59271
