  0.50    8714 0.04270  0.0348 8.22140 0.00419 0.00003 1.18077
  1.50   17533 0.04255  0.0805 8.27211 0.00420 0.00001 0.20889
  2.50   43780 0.04244  0.1353 8.29884 0.00417 0.00001 0.20950
  3.50   44941 0.04307  0.1913 8.12232 0.00424 0.00001 0.29623
  4.50   63845 0.04328  0.2408 8.06359 0.00426 0.00000 0.34727
  5.50   74569 0.04308  0.2909 8.13261 0.00430 0.00000 0.41001
  6.50  105688 0.04357  0.3489 7.99745 0.00436 0.00000 0.47328
  7.50  128460 0.04369  0.4103 7.96932 0.00439 0.00000 0.54861
  8.50  122615 0.04443  0.4720 7.76450 0.00444 0.00000 0.63796
  9.50  159630 0.04461  0.5304 7.73092 0.00452 0.00000 0.70495
 10.50  187835 0.04525  0.5981 7.55791 0.00456 0.00000 0.79084
 11.50  185066 0.04576  0.6642 7.43481 0.00463 0.00000 0.88490
 12.50  277634 0.04602  0.7396 7.37274 0.00466 0.00000 0.96686
 13.50  240969 0.04665  0.8201 7.21571 0.00471 0.00000 1.08766
 14.50  333070 0.04703  0.9025 7.12449 0.00475 0.00000 1.18358
 15.50  333749 0.04739  0.9904 7.03284 0.00475 0.00000 1.30560
 16.50  362457 0.04774  1.0809 6.94194 0.00473 0.00000 1.42746
 17.50  403798 0.04786  1.1745 6.89544 0.00466 0.00000 1.54896
 18.50  396506 0.04785  1.2693 6.87260 0.00453 0.00000 1.67952
 19.50  540328 0.04757  1.3775 6.90488 0.00436 0.00000 1.80399
 20.50  508304 0.04672  1.5022 7.06213 0.00410 0.00000 1.96707
 21.50  497052 0.04579  1.6216 7.23666 0.00380 0.00000 2.11885
 22.50  490399 0.04441  1.7440 7.52607 0.00345 0.00000 2.26629
 23.50  467073 0.04279  1.8765 7.87823 0.00302 0.00000 2.42303
