  0.50       0 0.00000  0.0000 0.00000 0.00000 0.00000 0.00000
  1.50       0 0.00000  0.0000 0.00000 0.00000 0.00000 0.00000
  2.50       0 0.00000  0.0000 0.00000 0.00000 0.00000 0.00000
  3.50       0 0.00000  0.0000 0.00000 0.00000 0.00000 0.00000
  4.50       0 0.00000  0.0000 0.00000 0.00000 0.00000 0.00000
  5.50       0 0.00000  0.0000 0.00000 0.00000 0.00000 0.00000
  6.50     170 0.15170  0.7993 -1.04647 0.00006 0.00011 1.45923
  7.50    1620 0.15311  0.8435 -0.58428 0.00012 0.00023 1.13869
  8.50    2200 0.13251  0.9415 1.92362 0.00017 0.00032 1.24315
  9.50    2401 0.12205  1.0407 2.95650 0.00014 0.00026 1.33386
 10.50    2047 0.10692  1.1398 4.76257 0.00010 0.00018 1.42245
 11.50    1462 0.09385  1.2350 6.83379 0.00007 0.00013 1.51927
 12.50    1118 0.07451  1.3215 11.46292 0.00004 0.00007 1.55670
 13.50     222 0.05090  1.4358 23.38551 0.00001 0.00002 1.69384
 14.50       0 0.00000  0.0000 0.00000 0.00000 0.00000 0.00000
 15.50       0 0.00000  0.0000 0.00000 0.00000 0.00000 0.00000
 16.50       0 0.00000  0.0000 0.00000 0.00000 0.00000 0.00000
 17.50       0 0.00000  0.0000 0.00000 0.00000 0.00000 0.00000
 18.50       0 0.00000  0.0000 0.00000 0.00000 0.00000 0.00000
 19.50       0 0.00000  0.0000 0.00000 0.00000 0.00000 0.00000
 20.50       0 0.00000  0.0000 0.00000 0.00000 0.00000 0.00000
 21.50       0 0.00000  0.0000 0.00000 0.00000 0.00000 0.00000
 22.50       0 0.00000  0.0000 0.00000 0.00000 0.00000 0.00000
 23.50       0 0.00000  0.0000 0.00000 0.00000 0.00000 0.00000
