  0.50       0 0.00000  0.0000 0.00000 0.00000 0.00000 0.00000
  1.50       0 0.00000  0.0000 0.00000 0.00000 0.00000 0.00000
  2.50       0 0.00000  0.0000 0.00000 0.00000 0.00000 0.00000
  3.50       0 0.00000  0.0000 0.00000 0.00000 0.00000 0.00000
  4.50       0 0.00000  0.0000 0.00000 0.00000 0.00000 0.00000
  5.50      52 0.05115  0.5970 2.70988 0.00003 0.00000 0.73728
  6.50     691 0.04875  0.3206 3.24333 0.00015 0.00000 0.43429
  7.50   42595 0.11017  0.6010 0.35498 0.00587 0.00001 1.21215
  8.50  187647 0.12282  1.1524 0.65980 0.02562 0.00002 2.10034
  9.50  116135 0.08984  1.3143 1.90787 0.01179 0.00000 2.07727
 10.50   27282 0.06319  1.5016 3.09028 0.00226 0.00000 2.11049
 11.50    1978 0.04109  1.8345 5.46324 0.00018 0.00000 2.35179
 12.50      10 0.03400  2.1403 5.57370 0.00001 0.00000 2.42201
 13.50       0 0.00000  0.0000 0.00000 0.00000 0.00000 0.00000
 14.50       0 0.00000  0.0000 0.00000 0.00000 0.00000 0.00000
 15.50       0 0.00000  0.0000 0.00000 0.00000 0.00000 0.00000
 16.50       0 0.00000  0.0000 0.00000 0.00000 0.00000 0.00000
 17.50       0 0.00000  0.0000 0.00000 0.00000 0.00000 0.00000
 18.50       0 0.00000  0.0000 0.00000 0.00000 0.00000 0.00000
 19.50       0 0.00000  0.0000 0.00000 0.00000 0.00000 0.00000
 20.50       0 0.00000  0.0000 0.00000 0.00000 0.00000 0.00000
 21.50       0 0.00000  0.0000 0.00000 0.00000 0.00000 0.00000
 22.50       0 0.00000  0.0000 0.00000 0.00000 0.00000 0.00000
 23.50       0 0.00000  0.0000 0.00000 0.00000 0.00000 0.00000
