  0.50     163 0.02312  0.0322 48.22460 0.00006 0.00008 8.73878
  1.50     299 0.02422  0.0559 45.61140 0.00006 0.00008 0.11843
  2.50     755 0.02291  0.0984 48.80420 0.00006 0.00008 0.12557
  3.50     736 0.02271  0.1305 49.26666 0.00006 0.00007 0.17068
  4.50    1025 0.02241  0.1631 50.10431 0.00005 0.00007 0.19877
  5.50    1245 0.02371  0.1963 46.85685 0.00006 0.00008 0.23500
  6.50    1606 0.02388  0.2330 46.61398 0.00005 0.00007 0.26791
  7.50    2076 0.02301  0.2707 48.65460 0.00006 0.00008 0.30616
  8.50    1985 0.02374  0.3143 47.00502 0.00006 0.00008 0.35767
  9.50    2488 0.02389  0.3486 46.39417 0.00006 0.00008 0.39019
 10.50    2921 0.02327  0.3919 48.03887 0.00006 0.00008 0.43457
 11.50    2895 0.02477  0.4331 44.49022 0.00006 0.00009 0.48347
 12.50    4118 0.02402  0.4740 46.21819 0.00006 0.00008 0.51829
 13.50    3518 0.02549  0.5179 43.00864 0.00006 0.00008 0.57385
 14.50    4855 0.02525  0.5695 43.51930 0.00006 0.00009 0.62245
 15.50    4977 0.02551  0.6154 42.93838 0.00007 0.00009 0.67365
 16.50    5361 0.02667  0.6660 40.72204 0.00007 0.00009 0.72961
 17.50    6004 0.02702  0.7141 40.04001 0.00007 0.00009 0.78115
 18.50    6048 0.02761  0.7683 39.00487 0.00007 0.00009 0.84300
 19.50    8581 0.02766  0.8231 38.93264 0.00007 0.00010 0.89491
 20.50    8408 0.02826  0.8883 37.87725 0.00007 0.00010 0.96916
 21.50    8641 0.02909  0.9504 36.45940 0.00007 0.00010 1.04023
 22.50    9242 0.02944  1.0109 35.95090 0.00007 0.00010 1.10742
 23.50    9813 0.02996  1.0793 35.16986 0.00007 0.00010 1.18389
