  0.50     467 0.06449  0.0347 11.72100 0.00031 0.00043 4.37279
  1.50     956 0.06402  0.1052 11.96445 0.00031 0.00044 0.24287
  2.50    2423 0.06936  0.1708 10.25254 0.00031 0.00045 0.24113
  3.50    2416 0.06808  0.2417 10.56786 0.00031 0.00044 0.34188
  4.50    3528 0.06936  0.3165 10.21487 0.00032 0.00045 0.41525
  5.50    4080 0.06907  0.3707 10.31088 0.00031 0.00045 0.47927
  6.50    5886 0.07123  0.4478 9.73435 0.00032 0.00046 0.55869
  7.50    7371 0.07163  0.5308 9.61957 0.00033 0.00047 0.65333
  8.50    6873 0.07035  0.6085 9.94781 0.00032 0.00046 0.75206
  9.50    9043 0.07150  0.6821 9.63301 0.00033 0.00047 0.83017
 10.50   10538 0.07030  0.7666 9.97478 0.00032 0.00046 0.92503
 11.50    9879 0.07028  0.8461 9.94199 0.00031 0.00044 1.02486
 12.50   14496 0.06849  0.9337 10.44923 0.00030 0.00043 1.10802
 13.50   11759 0.06709  1.0262 10.82483 0.00028 0.00040 1.22797
 14.50   14897 0.06590  1.1166 11.13384 0.00026 0.00037 1.31778
 15.50   13653 0.06269  1.2055 12.17500 0.00024 0.00034 1.42035
 16.50   13347 0.06041  1.2912 12.88506 0.00021 0.00030 1.51735
 17.50   12615 0.05714  1.3901 14.09099 0.00018 0.00025 1.62144
 18.50   10094 0.05159  1.4878 16.50182 0.00014 0.00020 1.72375
 19.50    9595 0.04722  1.6275 18.62834 0.00009 0.00013 1.85248
 20.50    4833 0.04117  1.7806 22.36114 0.00005 0.00007 2.00875
 21.50    1677 0.03588  1.9791 26.43754 0.00002 0.00002 2.21192
 22.50     230 0.03191  2.0890 31.09425 0.00001 0.00001 2.43714
 23.50       0 0.00000  0.0000 0.00000 0.00000 0.00000 0.00000
