  0.50     107 0.01475  0.0318 80.53250 0.00003 0.00004 10.44351
  1.50     210 0.01585  0.0516 74.23595 0.00003 0.00004 0.09924
  2.50     536 0.01712  0.0839 68.73646 0.00003 0.00004 0.10601
  3.50     503 0.01613  0.1062 72.90686 0.00003 0.00004 0.13524
  4.50     750 0.01712  0.1335 68.20920 0.00003 0.00004 0.15980
  5.50     855 0.01643  0.1590 71.83362 0.00003 0.00004 0.18810
  6.50    1212 0.01585  0.1831 74.67899 0.00003 0.00005 0.20909
  7.50    1322 0.01625  0.2188 72.68472 0.00003 0.00004 0.24434
  8.50    1268 0.01680  0.2454 69.77010 0.00003 0.00004 0.27672
  9.50    1698 0.01714  0.2802 68.29317 0.00003 0.00005 0.30931
 10.50    1965 0.01688  0.3064 69.42462 0.00003 0.00005 0.33570
 11.50    1854 0.01634  0.3421 72.18553 0.00003 0.00005 0.37573
 12.50    2741 0.01708  0.3730 68.40282 0.00003 0.00005 0.40203
 13.50    2395 0.01682  0.4062 69.92042 0.00004 0.00005 0.44247
 14.50    3194 0.01689  0.4410 69.66284 0.00004 0.00005 0.47417
 15.50    3139 0.01721  0.4813 68.00160 0.00004 0.00005 0.51868
 16.50    3328 0.01753  0.5105 66.56992 0.00004 0.00005 0.55031
 17.50    3570 0.01766  0.5498 66.06981 0.00004 0.00005 0.59144
 18.50    3734 0.01787  0.5837 65.01084 0.00004 0.00005 0.63012
 19.50    5287 0.01859  0.6264 62.20560 0.00004 0.00005 0.66885
 20.50    5132 0.01877  0.6692 61.53872 0.00004 0.00005 0.71524
 21.50    5366 0.01975  0.7167 58.04884 0.00004 0.00006 0.76760
 22.50    5682 0.01971  0.7630 58.19010 0.00004 0.00006 0.81694
 23.50    6194 0.02004  0.8037 57.10726 0.00004 0.00006 0.86061
