  0.50       0 0.00000  0.0000 0.00000 0.00000 0.00000 0.00000
  1.50       0 0.00000  0.0000 0.00000 0.00000 0.00000 0.00000
  2.50       0 0.00000  0.0000 0.00000 0.00000 0.00000 0.00000
  3.50       0 0.00000  0.0000 0.00000 0.00000 0.00000 0.00000
  4.50       0 0.00000  0.0000 0.00000 0.00000 0.00000 0.00000
  5.50       0 0.00000  0.0000 0.00000 0.00000 0.00000 0.00000
  6.50       0 0.00000  0.0000 0.00000 0.00000 0.00000 0.00000
  7.50    1624 0.17388  0.9240 -4.97772 0.00034 0.00051 1.48749
  8.50   38836 0.14665  1.0785 -0.39037 0.00392 0.00580 1.54417
  9.50   46273 0.11902  1.1960 1.88607 0.00354 0.00508 1.60337
 10.50   21288 0.09234  1.3263 4.27915 0.00135 0.00188 1.68462
 11.50    3897 0.07335  1.4452 6.35423 0.00025 0.00034 1.76649
 12.50     326 0.05541  1.5614 11.80712 0.00003 0.00004 1.92645
 13.50       0 0.00000  0.0000 0.00000 0.00000 0.00000 0.00000
 14.50       0 0.00000  0.0000 0.00000 0.00000 0.00000 0.00000
 15.50       0 0.00000  0.0000 0.00000 0.00000 0.00000 0.00000
 16.50       0 0.00000  0.0000 0.00000 0.00000 0.00000 0.00000
 17.50       0 0.00000  0.0000 0.00000 0.00000 0.00000 0.00000
 18.50       0 0.00000  0.0000 0.00000 0.00000 0.00000 0.00000
 19.50       0 0.00000  0.0000 0.00000 0.00000 0.00000 0.00000
 20.50       0 0.00000  0.0000 0.00000 0.00000 0.00000 0.00000
 21.50       0 0.00000  0.0000 0.00000 0.00000 0.00000 0.00000
 22.50       0 0.00000  0.0000 0.00000 0.00000 0.00000 0.00000
 23.50       0 0.00000  0.0000 0.00000 0.00000 0.00000 0.00000
