  0.50    2927 0.08052  0.0541 6.92717 0.00215 0.00293 3.50474
  1.50    5871 0.08239  0.1197 6.54341 0.00214 0.00293 0.27931
  2.50   15109 0.08246  0.1996 6.54462 0.00218 0.00297 0.29214
  3.50   15573 0.08255  0.2779 6.54309 0.00221 0.00301 0.40808
  4.50   21893 0.08219  0.3541 6.59543 0.00217 0.00296 0.48483
  5.50   25741 0.08295  0.4295 6.44799 0.00217 0.00297 0.57669
  6.50   36622 0.08265  0.5168 6.51245 0.00217 0.00297 0.66856
  7.50   43872 0.08243  0.6115 6.52641 0.00212 0.00289 0.77929
  8.50   41268 0.08139  0.7027 6.71911 0.00207 0.00282 0.90002
  9.50   51838 0.08045  0.7899 6.87466 0.00199 0.00271 0.99233
 10.50   57635 0.07970  0.8884 6.96439 0.00186 0.00253 1.10428
 11.50   52972 0.07855  0.9879 7.13934 0.00173 0.00234 1.22575
 12.50   70839 0.07661  1.0983 7.47215 0.00152 0.00205 1.32980
 13.50   53415 0.07331  1.2163 8.12319 0.00131 0.00176 1.47734
 14.50   60692 0.06896  1.3354 9.07805 0.00107 0.00143 1.59038
 15.50   47038 0.06338  1.4685 10.53316 0.00081 0.00108 1.73831
 16.50   35981 0.05647  1.6077 12.69546 0.00056 0.00074 1.87995
 17.50   25205 0.05003  1.7543 15.26516 0.00034 0.00045 2.02369
 18.50   12395 0.04377  1.9317 18.40277 0.00016 0.00021 2.20796
 19.50    5595 0.03296  2.1262 28.58785 0.00005 0.00007 2.36945
 20.50     721 0.01988  2.3063 77.43680 0.00001 0.00001 2.55449
 21.50       0 0.00000  0.0000 0.00000 0.00000 0.00000 0.00000
 22.50       0 0.00000  0.0000 0.00000 0.00000 0.00000 0.00000
 23.50       0 0.00000  0.0000 0.00000 0.00000 0.00000 0.00000
