  0.50     476 0.03608  0.0337 23.78310 0.00021 0.00025 7.40972
  1.50     896 0.03633  0.0713 23.50525 0.00020 0.00023 0.14755
  2.50    2324 0.03635  0.1144 23.58678 0.00021 0.00024 0.15231
  3.50    2315 0.03406  0.1569 25.69258 0.00020 0.00024 0.21020
  4.50    3299 0.03594  0.2007 23.92381 0.00021 0.00024 0.25023
  5.50    3892 0.03542  0.2437 24.42631 0.00021 0.00025 0.29815
  6.50    5404 0.03650  0.2889 23.44475 0.00021 0.00025 0.34182
  7.50    6493 0.03610  0.3374 23.79540 0.00021 0.00025 0.39330
  8.50    6224 0.03639  0.3929 23.55232 0.00022 0.00025 0.46077
  9.50    7953 0.03680  0.4361 23.20595 0.00022 0.00025 0.50342
 10.50    9272 0.03680  0.4899 23.22852 0.00022 0.00026 0.56176
 11.50    9100 0.03832  0.5415 21.96351 0.00022 0.00026 0.62536
 12.50   13708 0.03846  0.6005 21.89001 0.00023 0.00027 0.68003
 13.50   11739 0.03895  0.6614 21.50137 0.00023 0.00027 0.75765
 14.50   16069 0.03893  0.7220 21.53140 0.00023 0.00027 0.81650
 15.50   15995 0.03961  0.7876 21.02664 0.00023 0.00027 0.89518
 16.50   17240 0.03982  0.8541 20.86295 0.00023 0.00028 0.96980
 17.50   19578 0.04055  0.9230 20.39477 0.00024 0.00028 1.04794
 18.50   19484 0.04070  0.9915 20.22688 0.00024 0.00028 1.12862
 19.50   26957 0.04073  1.0665 20.20713 0.00024 0.00028 1.20333
 20.50   26087 0.04116  1.1518 19.88860 0.00023 0.00027 1.30488
 21.50   26180 0.04105  1.2336 19.95234 0.00022 0.00026 1.39951
 22.50   26479 0.04007  1.3166 20.57877 0.00021 0.00025 1.49045
 23.50   26657 0.03998  1.4025 20.59774 0.00020 0.00023 1.58814
