  0.50     362 0.04563  0.0439 20.62810 0.00019 0.00027 6.31794
  1.50     720 0.04580  0.0786 20.55665 0.00019 0.00027 0.17393
  2.50    1845 0.04635  0.1317 20.17002 0.00019 0.00028 0.18043
  3.50    1932 0.04408  0.1875 21.93710 0.00020 0.00029 0.25675
  4.50    2774 0.04658  0.2377 20.11086 0.00020 0.00029 0.30202
  5.50    3181 0.04787  0.2989 19.26486 0.00020 0.00029 0.37162
  6.50    4581 0.04648  0.3534 20.20620 0.00020 0.00030 0.42183
  7.50    5436 0.04727  0.4083 19.70512 0.00020 0.00029 0.48108
  8.50    5221 0.04857  0.4747 18.84774 0.00020 0.00030 0.56420
  9.50    6953 0.04930  0.5337 18.41863 0.00021 0.00031 0.62318
 10.50    8133 0.04903  0.6025 18.58125 0.00021 0.00031 0.69779
 11.50    7997 0.05025  0.6649 17.89530 0.00022 0.00032 0.77500
 12.50   12043 0.05029  0.7396 17.87249 0.00022 0.00032 0.84523
 13.50   10413 0.05128  0.8164 17.33582 0.00022 0.00032 0.94449
 14.50   13812 0.05235  0.8940 16.68689 0.00021 0.00031 1.02307
 15.50   13615 0.05116  0.9792 17.34122 0.00021 0.00031 1.12202
 16.50   14261 0.05107  1.0626 17.35248 0.00020 0.00030 1.21634
 17.50   15440 0.05135  1.1485 17.20808 0.00020 0.00029 1.31174
 18.50   14153 0.05057  1.2280 17.51704 0.00018 0.00026 1.40550
 19.50   17460 0.04945  1.3265 18.04949 0.00016 0.00023 1.50063
 20.50   14567 0.04796  1.4354 18.82563 0.00013 0.00019 1.62434
 21.50   12414 0.04586  1.5420 20.03452 0.00011 0.00015 1.74181
 22.50   10091 0.04429  1.6554 20.87866 0.00008 0.00012 1.86467
 23.50    7476 0.04164  1.7904 22.60554 0.00005 0.00008 2.00751
