  0.50     183 0.05925  0.0452 15.36910 0.00010 0.00017 5.68999
  1.50     332 0.05129  0.0975 19.63035 0.00009 0.00015 0.20336
  2.50     883 0.05448  0.1401 17.74082 0.00010 0.00016 0.19286
  3.50     995 0.05372  0.1981 18.34642 0.00011 0.00018 0.27168
  4.50    1350 0.05539  0.2543 17.34183 0.00011 0.00017 0.32417
  5.50    1626 0.05651  0.3153 16.81034 0.00011 0.00018 0.39370
  6.50    2286 0.05704  0.3767 16.55089 0.00011 0.00018 0.45132
  7.50    2816 0.05545  0.4449 17.39823 0.00011 0.00018 0.52422
  8.50    2674 0.05799  0.5114 16.18647 0.00011 0.00018 0.61074
  9.50    3507 0.05743  0.5699 16.42353 0.00012 0.00019 0.66735
 10.50    4081 0.05854  0.6450 15.88424 0.00011 0.00019 0.74972
 11.50    4054 0.06033  0.7088 15.05169 0.00012 0.00019 0.83091
 12.50    5747 0.05899  0.7830 15.62689 0.00011 0.00018 0.89805
 13.50    4951 0.06155  0.8696 14.44582 0.00011 0.00018 1.01271
 14.50    6487 0.05949  0.9505 15.31995 0.00011 0.00017 1.09006
 15.50    6371 0.05848  1.0325 15.79607 0.00010 0.00017 1.18644
 16.50    6352 0.05726  1.1115 16.37468 0.00010 0.00016 1.27507
 17.50    6549 0.05788  1.2006 15.95405 0.00009 0.00014 1.37329
 18.50    5888 0.05627  1.2814 16.65114 0.00008 0.00013 1.46707
 19.50    6922 0.05377  1.3789 17.92337 0.00007 0.00011 1.55886
 20.50    5448 0.05059  1.4942 19.51119 0.00005 0.00008 1.68486
 21.50    3946 0.04645  1.6113 22.01307 0.00004 0.00006 1.80944
 22.50    2546 0.04327  1.7475 24.18270 0.00002 0.00003 1.95082
 23.50    1193 0.03917  1.9343 27.86380 0.00001 0.00001 2.14075
