  0.50      39 0.00500  0.0603 244.33100 0.00001 0.00002 9.97439
  1.50      87 0.00500  0.0734 243.36350 0.00001 0.00002 0.12566
  2.50     191 0.00500  0.1126 242.57900 0.00001 0.00002 0.13360
  3.50     210 0.00500  0.1236 243.73340 0.00001 0.00002 0.15092
  4.50     300 0.00500  0.1573 243.27814 0.00001 0.00002 0.18223
  5.50     356 0.00500  0.1943 243.39062 0.00001 0.00002 0.22100
  6.50     485 0.00500  0.2145 243.53364 0.00001 0.00002 0.23855
  7.50     570 0.00552  0.2703 231.40745 0.00001 0.00002 0.29523
  8.50     579 0.00500  0.2987 243.52217 0.00002 0.00002 0.32731
  9.50     763 0.00500  0.3352 243.32160 0.00002 0.00002 0.35997
 10.50     930 0.00500  0.3641 244.61259 0.00002 0.00002 0.39095
 11.50     906 0.00500  0.4122 243.91712 0.00002 0.00002 0.44188
 12.50    1390 0.00500  0.4481 243.58191 0.00002 0.00002 0.47150
 13.50    1196 0.00563  0.4925 234.56829 0.00002 0.00002 0.52523
 14.50    1684 0.00519  0.5345 239.34892 0.00002 0.00002 0.56348
 15.50    1747 0.00520  0.5782 239.01550 0.00002 0.00003 0.61164
 16.50    1915 0.00500  0.6298 244.72924 0.00002 0.00003 0.66629
 17.50    2175 0.00500  0.6767 244.80552 0.00002 0.00003 0.71479
 18.50    2361 0.00500  0.7123 245.32477 0.00002 0.00003 0.75214
 19.50    3388 0.00500  0.7746 245.58071 0.00003 0.00003 0.81055
 20.50    3441 0.00510  0.8369 242.43373 0.00003 0.00003 0.87933
 21.50    3720 0.00500  0.8972 245.88191 0.00003 0.00003 0.94332
 22.50    4221 0.00515  0.9515 240.77612 0.00003 0.00004 1.00265
 23.50    4684 0.00514  1.0193 241.49157 0.00003 0.00004 1.07485
