  0.50     448 0.02163  0.0237 47.16910 0.00016 0.00020 8.92836
  1.50     763 0.02012  0.0530 51.27665 0.00014 0.00017 0.11440
  2.50    1978 0.02150  0.0872 47.39954 0.00014 0.00018 0.11568
  3.50    2005 0.02096  0.1298 48.90688 0.00015 0.00018 0.17080
  4.50    2910 0.02092  0.1578 49.12196 0.00015 0.00018 0.19424
  5.50    3416 0.02154  0.1943 47.41636 0.00015 0.00019 0.23361
  6.50    4535 0.02155  0.2291 47.38324 0.00015 0.00018 0.26507
  7.50    5584 0.02176  0.2663 46.84097 0.00015 0.00019 0.30310
  8.50    5274 0.02181  0.3065 46.78091 0.00015 0.00019 0.35168
  9.50    6890 0.02205  0.3436 46.16309 0.00016 0.00020 0.38687
 10.50    7988 0.02234  0.3812 45.44456 0.00016 0.00020 0.42575
 11.50    7664 0.02251  0.4219 45.04364 0.00016 0.00020 0.47348
 12.50   11486 0.02264  0.4639 44.76446 0.00017 0.00020 0.51013
 13.50    9881 0.02336  0.5089 43.11821 0.00017 0.00021 0.56631
 14.50   13348 0.02363  0.5537 42.51781 0.00017 0.00021 0.60762
 15.50   13351 0.02418  0.6034 41.30589 0.00018 0.00021 0.66452
 16.50   14761 0.02449  0.6506 40.69402 0.00018 0.00022 0.71599
 17.50   16525 0.02477  0.7017 40.22043 0.00018 0.00023 0.77045
 18.50   16766 0.02500  0.7499 39.71417 0.00019 0.00023 0.82539
 19.50   23311 0.02571  0.8079 38.35087 0.00019 0.00023 0.88162
 20.50   23354 0.02623  0.8722 37.46819 0.00020 0.00024 0.95547
 21.50   24004 0.02669  0.9327 36.67202 0.00020 0.00024 1.02391
 22.50   25976 0.02717  0.9917 35.86435 0.00020 0.00025 1.09007
 23.50   27713 0.02800  1.0600 34.53338 0.00020 0.00025 1.16696
