  0.50     424 0.07964  0.0658 -3.18111 0.00048 0.00015 5.53283
  1.50     869 0.07033  0.1462 -2.66870 0.00049 0.00014 1.53537
  2.50    2480 0.05920  0.2564 -1.81569 0.00055 0.00014 0.82464
  3.50    3015 0.04972  0.3051 -0.84216 0.00065 0.00016 0.81604
  4.50    5311 0.04614  0.3035 -0.24312 0.00082 0.00019 0.69155
  5.50  237546 0.10791  0.4673 -0.75797 0.02928 0.01462 1.91423
  6.50  963452 0.14676  0.6636 -0.57506 0.08223 0.04048 3.18802
  7.50 1644254 0.14050  0.8296 0.21397 0.11063 0.05241 3.92349
  8.50 1428900 0.13033  0.9934 0.32603 0.09596 0.04276 4.43491
  9.50 1649256 0.12047  1.1626 0.43340 0.08151 0.03413 4.76217
 10.50 1672328 0.11003  1.3566 0.54653 0.06642 0.02595 5.12004
 11.50 1345584 0.09978  1.5727 0.64033 0.05137 0.01868 5.52025
 12.50 1511156 0.08832  1.8580 0.72051 0.03560 0.01192 5.80013
 13.50  835783 0.07515  2.2310 0.79391 0.02057 0.00620 6.21918
 14.50  602750 0.06083  2.6854 0.90324 0.00969 0.00260 6.32683
 15.50  224498 0.04554  3.1641 1.14469 0.00324 0.00075 6.23233
 16.50   60823 0.03151  3.5442 1.75339 0.00076 0.00015 5.85709
 17.50    9348 0.01885  4.1539 3.68603 0.00010 0.00002 5.78143
 18.50     140 0.01018  4.5462 12.01003 0.00001 0.00000 5.79428
 19.50       0 0.00000  0.0000 0.00000  0.0000 0.00000 0.00000
 20.50       0 0.00000  0.0000 0.00000  0.0000 0.00000 0.00000
 21.50       0 0.00000  0.0000 0.00000  0.0000 0.00000 0.00000
 22.50       0 0.00000  0.0000 0.00000  0.0000 0.00000 0.00000
 23.50       0 0.00000  0.0000 0.00000  0.0000 0.00000 0.00000
