  0.50     340 0.01630  0.0229 65.19130 0.00011 0.00014 9.85203
  1.50     606 0.01759  0.0499 59.59370 0.00010 0.00012 0.10602
  2.50    1606 0.01736  0.0798 60.71884 0.00011 0.00013 0.10332
  3.50    1522 0.01693  0.1062 62.59560 0.00010 0.00012 0.14254
  4.50    2227 0.01684  0.1418 62.76780 0.00010 0.00013 0.17178
  5.50    2636 0.01694  0.1703 62.56241 0.00011 0.00013 0.20324
  6.50    3578 0.01690  0.2022 62.51514 0.00010 0.00013 0.23181
  7.50    4384 0.01748  0.2342 60.18945 0.00011 0.00013 0.26437
  8.50    3918 0.01735  0.2685 60.71644 0.00010 0.00013 0.30509
  9.50    5194 0.01724  0.2999 61.30175 0.00011 0.00013 0.33436
 10.50    6014 0.01774  0.3341 59.26009 0.00011 0.00013 0.36947
 11.50    5822 0.01789  0.3655 58.76623 0.00011 0.00014 0.40648
 12.50    8622 0.01793  0.4033 58.55169 0.00011 0.00014 0.43881
 13.50    7363 0.01792  0.4417 58.57066 0.00012 0.00014 0.48593
 14.50   10023 0.01834  0.4777 57.08274 0.00012 0.00014 0.51895
 15.50    9898 0.01866  0.5214 55.95727 0.00012 0.00015 0.56810
 16.50   10763 0.01908  0.5590 54.54348 0.00012 0.00015 0.60799
 17.50   11840 0.01929  0.5989 53.76997 0.00012 0.00015 0.64968
 18.50   12126 0.01964  0.6412 52.74649 0.00013 0.00016 0.69734
 19.50   17015 0.02013  0.6888 51.23403 0.00013 0.00016 0.74200
 20.50   16923 0.02032  0.7388 50.75947 0.00014 0.00017 0.79820
 21.50   17462 0.02085  0.7909 49.20288 0.00014 0.00017 0.85600
 22.50   18678 0.02113  0.8398 48.40414 0.00014 0.00017 0.90916
 23.50   20436 0.02151  0.8946 47.40531 0.00014 0.00017 0.96911
