  0.50    2316 0.03580  0.0272 20.15810 0.00096 0.00096 7.89384
  1.50    4554 0.03541  0.0658 20.44195 0.00095 0.00094 0.14276
  2.50   11740 0.03534  0.1077 20.52958 0.00097 0.00096 0.14400
  3.50   11951 0.03521  0.1542 20.64506 0.00098 0.00098 0.20865
  4.50   16677 0.03613  0.1935 19.92581 0.00097 0.00097 0.24341
  5.50   19519 0.03544  0.2340 20.46695 0.00099 0.00098 0.29045
  6.50   27042 0.03608  0.2804 19.97149 0.00099 0.00098 0.33355
  7.50   33299 0.03649  0.3297 19.68720 0.00101 0.00101 0.38735
  8.50   31289 0.03644  0.3755 19.72713 0.00102 0.00101 0.44428
  9.50   40392 0.03675  0.4233 19.50551 0.00103 0.00103 0.49323
 10.50   47177 0.03710  0.4719 19.24449 0.00105 0.00104 0.54602
 11.50   45996 0.03753  0.5221 18.95873 0.00106 0.00106 0.60734
 12.50   68433 0.03794  0.5789 18.64499 0.00107 0.00107 0.66190
 13.50   59354 0.03809  0.6364 18.56235 0.00110 0.00109 0.73518
 14.50   81631 0.03876  0.6953 18.10882 0.00112 0.00111 0.79452
 15.50   81545 0.03904  0.7590 17.94201 0.00113 0.00112 0.86951
 16.50   89997 0.03928  0.8224 17.80796 0.00116 0.00115 0.94187
 17.50  100394 0.03975  0.8894 17.50098 0.00116 0.00115 1.01799
 18.50  100064 0.04024  0.9574 17.20033 0.00116 0.00116 1.09912
 19.50  139938 0.04054  1.0336 17.01858 0.00116 0.00116 1.17745
 20.50  136622 0.04072  1.1182 16.90275 0.00115 0.00115 1.27785
 21.50  140532 0.04075  1.2023 16.87912 0.00113 0.00113 1.37540
 22.50  147033 0.04045  1.2852 17.03707 0.00111 0.00110 1.46919
 23.50  151735 0.04017  1.3728 17.18055 0.00106 0.00106 1.56878
