  0.50      86 0.08361  0.0852 8.99942 0.00006 0.00011 3.73253
  1.50     157 0.07841  0.1225 10.37507 0.00006 0.00010 0.27590
  2.50     430 0.08203  0.1876 9.48446 0.00006 0.00011 0.26515
  3.50     422 0.07784  0.2963 10.74392 0.00006 0.00011 0.40612
  4.50     628 0.08197  0.3370 9.48467 0.00006 0.00011 0.44398
  5.50     765 0.08296  0.4150 9.45481 0.00006 0.00012 0.53419
  6.50    1099 0.08036  0.4879 10.04313 0.00007 0.00012 0.60175
  7.50    1270 0.08099  0.5833 9.82794 0.00006 0.00011 0.71060
  8.50    1226 0.08205  0.6543 9.58486 0.00006 0.00011 0.80307
  9.50    1536 0.08033  0.7407 9.90674 0.00006 0.00011 0.89147
 10.50    1799 0.07763  0.8247 10.86906 0.00006 0.00011 0.98157
 11.50    1677 0.07649  0.9150 11.04977 0.00006 0.00010 1.09414
 12.50    2320 0.07302  1.0027 12.14032 0.00005 0.00009 1.17039
 13.50    1825 0.06929  1.0882 13.28840 0.00005 0.00008 1.28077
 14.50    2111 0.06521  1.1818 14.89658 0.00004 0.00007 1.37002
 15.50    1738 0.06381  1.2903 15.44862 0.00003 0.00006 1.49392
 16.50    1560 0.05435  1.3607 20.07704 0.00003 0.00005 1.55399
 17.50    1182 0.05073  1.4731 22.41260 0.00002 0.00003 1.67266
 18.50     636 0.04316  1.6026 28.20284 0.00001 0.00002 1.80327
 19.50     169 0.03944  1.7640 35.12823 0.00001 0.00001 2.05335
 20.50       0 0.00000  0.0000 0.00000 0.00000 0.00000 0.00000
 21.50       0 0.00000  0.0000 0.00000 0.00000 0.00000 0.00000
 22.50       0 0.00000  0.0000 0.00000 0.00000 0.00000 0.00000
 23.50       0 0.00000  0.0000 0.00000 0.00000 0.00000 0.00000
