  0.50    2197 0.08945  0.0493 5.55579 0.00171 0.00229 2.81039
  1.50    4371 0.08867  0.1234 5.67774 0.00169 0.00226 0.31154
  2.50   11342 0.08845  0.2070 5.74509 0.00173 0.00231 0.31287
  3.50   11295 0.09008  0.2928 5.44264 0.00169 0.00226 0.44418
  4.50   16574 0.09052  0.3689 5.39269 0.00173 0.00232 0.52046
  5.50   19381 0.08970  0.4475 5.52632 0.00173 0.00231 0.61670
  6.50   27578 0.08926  0.5382 5.60017 0.00172 0.00230 0.71361
  7.50   33295 0.08885  0.6356 5.65377 0.00169 0.00225 0.82821
  8.50   31034 0.08747  0.7228 5.85875 0.00164 0.00218 0.94746
  9.50   38704 0.08574  0.8117 6.12629 0.00156 0.00208 1.04134
 10.50   43825 0.08208  0.9099 6.76863 0.00149 0.00197 1.15004
 11.50   40332 0.07888  1.0041 7.35589 0.00139 0.00183 1.26798
 12.50   53867 0.07672  1.1062 7.68237 0.00123 0.00161 1.36098
 13.50   41029 0.07481  1.2136 7.98989 0.00107 0.00140 1.49691
 14.50   48192 0.07037  1.3120 8.95000 0.00091 0.00118 1.58612
 15.50   38816 0.06326  1.4188 10.78899 0.00073 0.00094 1.70236
 16.50   30612 0.05737  1.5380 12.54917 0.00052 0.00067 1.82564
 17.50   21080 0.05036  1.6662 15.18075 0.00031 0.00040 1.94694
 18.50    9633 0.04261  1.8180 19.05092 0.00014 0.00018 2.09954
 19.50    3160 0.03502  2.0154 23.90355 0.00003 0.00004 2.26379
 20.50     152 0.02606  2.2271 40.74129 0.00001 0.00001 2.72086
 21.50       0 0.00000  0.0000 0.00000 0.00000 0.00000 0.00000
 22.50       0 0.00000  0.0000 0.00000 0.00000 0.00000 0.00000
 23.50       0 0.00000  0.0000 0.00000 0.00000 0.00000 0.00000
