  0.50      14 0.00930  0.0092 169.63000 0.00000 0.00001 9.54143
  1.50      31 0.01338  0.0440 114.73150 0.00001 0.00001 0.09875
  2.50      64 0.01528  0.0747 103.90336 0.00000 0.00001 0.09685
  3.50      43 0.01139  0.1218 147.45100 0.00000 0.00001 0.17640
  4.50     102 0.01612  0.1455 97.67433 0.00001 0.00001 0.17498
  5.50     102 0.01444  0.1798 110.66114 0.00000 0.00001 0.21590
  6.50     161 0.01514  0.2084 105.13343 0.00001 0.00001 0.24041
  7.50     197 0.01403  0.2419 122.74317 0.00001 0.00001 0.27435
  8.50     185 0.01165  0.2654 142.30213 0.00001 0.00001 0.30533
  9.50     251 0.01400  0.2965 133.77439 0.00001 0.00001 0.33378
 10.50     270 0.01421  0.3600 110.99463 0.00001 0.00001 0.39205
 11.50     278 0.01469  0.3701 119.28265 0.00001 0.00001 0.40667
 12.50     417 0.01584  0.4107 98.84612 0.00001 0.00001 0.44060
 13.50     364 0.01643  0.4565 93.68370 0.00001 0.00001 0.49450
 14.50     443 0.01683  0.4872 93.98070 0.00001 0.00001 0.52316
 15.50     475 0.01619  0.5427 96.71004 0.00001 0.00001 0.58221
 16.50     513 0.01642  0.5871 95.61647 0.00001 0.00001 0.63039
 17.50     581 0.01756  0.6170 87.61663 0.00001 0.00001 0.66283
 18.50     588 0.01619  0.6598 97.19498 0.00001 0.00001 0.71136
 19.50     817 0.01619  0.6944 98.97540 0.00001 0.00001 0.74300
 20.50     812 0.01455  0.7534 112.34457 0.00001 0.00001 0.80899
 21.50     822 0.01764  0.8087 96.66181 0.00001 0.00001 0.86913
 22.50     927 0.02022  0.8547 76.27335 0.00001 0.00001 0.91528
 23.50     979 0.02115  0.9219 70.73795 0.00001 0.00001 0.98671
