  0.50     659 0.05503  0.0329 12.97950 0.00037 0.00045 5.55702
  1.50    1337 0.05580  0.0879 12.69060 0.00038 0.00045 0.18677
  2.50    3333 0.05484  0.1487 13.09258 0.00037 0.00045 0.20622
  3.50    3435 0.05321  0.2080 13.78426 0.00038 0.00046 0.28779
  4.50    4826 0.05553  0.2644 12.80724 0.00038 0.00045 0.34374
  5.50    5675 0.05559  0.3177 12.82014 0.00038 0.00046 0.40519
  6.50    8031 0.05589  0.3802 12.69159 0.00039 0.00046 0.46794
  7.50    9985 0.05695  0.4540 12.31539 0.00040 0.00048 0.55146
  8.50    9433 0.05707  0.5165 12.26521 0.00040 0.00048 0.63210
  9.50   12393 0.05835  0.5845 11.82731 0.00041 0.00049 0.70535
 10.50   14445 0.05842  0.6548 11.79482 0.00040 0.00049 0.78515
 11.50   14143 0.05821  0.7292 11.89418 0.00041 0.00049 0.87716
 12.50   21156 0.05800  0.8091 11.96661 0.00041 0.00049 0.95557
 13.50   17904 0.05849  0.8905 11.76476 0.00040 0.00048 1.06321
 14.50   24267 0.05732  0.9729 12.18136 0.00040 0.00047 1.14570
 15.50   23692 0.05732  1.0597 12.16017 0.00038 0.00046 1.25170
 16.50   24990 0.05615  1.1489 12.57658 0.00037 0.00045 1.35419
 17.50   26283 0.05493  1.2313 12.99773 0.00035 0.00042 1.44596
 18.50   24657 0.05333  1.3179 13.57633 0.00033 0.00039 1.54681
 19.50   30815 0.05062  1.4176 14.65582 0.00029 0.00034 1.64154
 20.50   25878 0.04693  1.5373 16.37123 0.00024 0.00029 1.77110
 21.50   20927 0.04347  1.6668 18.15018 0.00019 0.00022 1.90927
 22.50   15114 0.03976  1.8018 20.28541 0.00012 0.00014 2.04798
 23.50    8940 0.03464  1.9730 24.09403 0.00007 0.00008 2.22096
