  0.50     381 0.01872  0.0255 55.70380 0.00013 0.00016 9.37066
  1.50     692 0.01802  0.0518 58.51295 0.00012 0.00015 0.11019
  2.50    1800 0.01958  0.0821 52.85722 0.00012 0.00015 0.10845
  3.50    1690 0.01885  0.1188 55.26234 0.00012 0.00014 0.15568
  4.50    2600 0.01862  0.1501 56.19743 0.00013 0.00016 0.18296
  5.50    2957 0.01898  0.1795 54.85664 0.00013 0.00015 0.21546
  6.50    4046 0.01925  0.2170 53.90074 0.00012 0.00015 0.24951
  7.50    4844 0.01926  0.2495 53.93205 0.00013 0.00015 0.28270
  8.50    4561 0.01943  0.2835 53.39195 0.00013 0.00015 0.32363
  9.50    5978 0.01945  0.3209 53.41297 0.00013 0.00016 0.35935
 10.50    6884 0.01959  0.3564 53.04012 0.00013 0.00016 0.39589
 11.50    6694 0.02027  0.3894 50.92648 0.00014 0.00017 0.43513
 12.50    9878 0.01998  0.4332 51.74875 0.00014 0.00017 0.47349
 13.50    8584 0.02015  0.4705 51.27442 0.00014 0.00017 0.52063
 14.50   11528 0.02070  0.5147 49.64247 0.00014 0.00017 0.56166
 15.50   11391 0.02129  0.5566 48.01455 0.00014 0.00018 0.60928
 16.50   12424 0.02160  0.6023 47.22156 0.00015 0.00018 0.65858
 17.50   14136 0.02177  0.6465 46.78689 0.00015 0.00019 0.70516
 18.50   14032 0.02232  0.6935 45.47300 0.00015 0.00019 0.75876
 19.50   20109 0.02246  0.7447 45.10595 0.00016 0.00020 0.80663
 20.50   19457 0.02308  0.8009 43.63707 0.00016 0.00020 0.87086
 21.50   20464 0.02350  0.8556 42.71556 0.00016 0.00020 0.93220
 22.50   22380 0.02404  0.9129 41.58657 0.00017 0.00021 0.99527
 23.50   23713 0.02440  0.9684 40.87182 0.00017 0.00021 1.05684
