  0.50   34714 0.05518  0.0371 1.90640 0.01668 0.00418 8.14018
  1.50   69815 0.05496  0.0892 1.92677 0.01671 0.00418 0.41919
  2.50  176467 0.05519  0.1488 1.91145 0.01678 0.00421 0.41085
  3.50  179723 0.05538  0.2104 1.90407 0.01691 0.00425 0.58175
  4.50  255584 0.05537  0.2662 1.90764 0.01696 0.00426 0.68308
  5.50  298655 0.05573  0.3237 1.88497 0.01707 0.00430 0.81573
  6.50  422164 0.05598  0.3878 1.87212 0.01720 0.00435 0.94074
  7.50  515307 0.05631  0.4589 1.85266 0.01732 0.00439 1.09981
  8.50  493549 0.05683  0.5258 1.82168 0.01750 0.00446 1.27793
  9.50  638688 0.05702  0.5962 1.81128 0.01758 0.00449 1.42504
 10.50  755828 0.05757  0.6695 1.77859 0.01776 0.00456 1.59772
 11.50  741569 0.05798  0.7479 1.75136 0.01784 0.00459 1.80216
 12.50 1118183 0.05840  0.8351 1.72496 0.01794 0.00464 1.97969
 13.50  968838 0.05886  0.9300 1.69097 0.01795 0.00466 2.24197
 14.50 1332561 0.05917  1.0278 1.66316 0.01787 0.00465 2.45297
 15.50 1339352 0.05935  1.1366 1.64121 0.01772 0.00462 2.72881
 16.50 1451718 0.05951  1.2473 1.61474 0.01746 0.00456 2.99912
 17.50 1612302 0.05944  1.3664 1.59008 0.01695 0.00443 3.27740
 18.50 1587902 0.05922  1.4894 1.57081 0.01636 0.00427 3.57592
 19.50 2158414 0.05865  1.6396 1.55534 0.01543 0.00400 3.87357
 20.50 2031129 0.05762  1.8100 1.55734 0.01430 0.00368 4.24321
 21.50 1981068 0.05627  1.9941 1.56327 0.01293 0.00328 4.61196
 22.50 1957801 0.05468  2.1907 1.57535 0.01149 0.00287 4.97759
 23.50 1882668 0.05255  2.4148 1.60932 0.00989 0.00242 5.35787
