  0.50   26622 0.04678  0.0370 2.31487 0.01147 0.00265 8.36898
  1.50   53242 0.04687  0.0811 2.30241 0.01144 0.00265 0.34229
  2.50  133662 0.04697  0.1346 2.28975 0.01142 0.00265 0.33744
  3.50  135795 0.04706  0.1898 2.28828 0.01150 0.00267 0.47525
  4.50  193179 0.04724  0.2395 2.27505 0.01157 0.00269 0.55796
  5.50  225693 0.04737  0.2901 2.27104 0.01168 0.00272 0.66261
  6.50  316770 0.04756  0.3479 2.25505 0.01172 0.00273 0.76473
  7.50  386199 0.04798  0.4093 2.22262 0.01185 0.00277 0.89004
  8.50  368102 0.04827  0.4675 2.20457 0.01198 0.00281 1.02834
  9.50  475099 0.04863  0.5281 2.17601 0.01207 0.00284 1.14612
 10.50  561448 0.04904  0.5938 2.14930 0.01224 0.00289 1.28383
 11.50  550066 0.04941  0.6596 2.12384 0.01237 0.00294 1.43954
 12.50  824885 0.04987  0.7333 2.08727 0.01246 0.00297 1.57675
 13.50  717207 0.05037  0.8142 2.05128 0.01262 0.00302 1.78048
 14.50  990313 0.05083  0.8962 2.01614 0.01271 0.00306 1.94508
 15.50 1002929 0.05135  0.9866 1.97659 0.01282 0.00310 2.16121
 16.50 1097087 0.05180  1.0791 1.93833 0.01286 0.00312 2.37515
 17.50 1239993 0.05213  1.1756 1.90576 0.01283 0.00313 2.59487
 18.50 1247398 0.05238  1.2803 1.87581 0.01273 0.00311 2.84163
 19.50 1752761 0.05255  1.4026 1.84483 0.01253 0.00307 3.09136
 20.50 1712555 0.05262  1.5394 1.81093 0.01218 0.00298 3.40859
 21.50 1750787 0.05244  1.6823 1.78459 0.01168 0.00286 3.72468
 22.50 1825409 0.05199  1.8308 1.77251 0.01109 0.00270 4.03399
 23.50 1872681 0.05118  1.9931 1.77583 0.01034 0.00250 4.35456
