  0.50   22460 0.04187  0.0335 2.64270 0.00905 0.00199 8.49701
  1.50   44436 0.04220  0.0771 2.58855 0.00893 0.00197 0.30660
  2.50  112690 0.04244  0.1253 2.56788 0.00902 0.00200 0.29662
  3.50  113693 0.04251  0.1779 2.56055 0.00903 0.00200 0.42070
  4.50  161534 0.04255  0.2242 2.56152 0.00908 0.00201 0.49354
  5.50  188133 0.04280  0.2716 2.53909 0.00915 0.00203 0.58589
  6.50  264377 0.04294  0.3243 2.52999 0.00922 0.00205 0.67309
  7.50  321203 0.04325  0.3798 2.50275 0.00931 0.00208 0.77954
  8.50  305275 0.04352  0.4357 2.47999 0.00940 0.00210 0.90389
  9.50  394412 0.04388  0.4891 2.45032 0.00952 0.00214 1.00103
 10.50  462000 0.04415  0.5497 2.42792 0.00960 0.00216 1.11945
 11.50  452541 0.04453  0.6095 2.39758 0.00974 0.00220 1.25381
 12.50  680216 0.04494  0.6776 2.36493 0.00987 0.00224 1.37235
 13.50  587537 0.04545  0.7495 2.31894 0.00998 0.00228 1.54435
 14.50  810263 0.04592  0.8222 2.27905 0.01009 0.00231 1.68123
 15.50  820204 0.04639  0.9026 2.24119 0.01023 0.00236 1.86343
 16.50  899030 0.04691  0.9844 2.19648 0.01033 0.00239 2.04395
 17.50 1022472 0.04741  1.0708 2.15325 0.01042 0.00243 2.23194
 18.50 1032355 0.04777  1.1624 2.11724 0.01044 0.00244 2.44056
 19.50 1463390 0.04816  1.2689 2.07765 0.01044 0.00245 2.65213
 20.50 1452256 0.04849  1.3897 2.03691 0.01036 0.00244 2.92767
 21.50 1512321 0.04873  1.5134 1.99629 0.01019 0.00240 3.20506
 22.50 1612615 0.04876  1.6420 1.96944 0.00995 0.00235 3.48034
 23.50 1696657 0.04871  1.7832 1.93453 0.00956 0.00225 3.77980
