  0.50     284 0.07741  0.0486 9.45495 0.00020 0.00032 4.15097
  1.50     558 0.08142  0.1027 8.38044 0.00019 0.00032 0.24436
  2.50    1557 0.07837  0.1813 9.34759 0.00021 0.00035 0.25708
  3.50    1592 0.07910  0.2512 9.16897 0.00021 0.00035 0.35539
  4.50    2332 0.08303  0.3238 8.12754 0.00022 0.00036 0.42805
  5.50    2762 0.08160  0.3929 8.50961 0.00022 0.00037 0.50778
  6.50    3754 0.08168  0.4721 8.47512 0.00021 0.00035 0.58638
  7.50    4789 0.08207  0.5586 8.39278 0.00022 0.00037 0.68338
  8.50    4422 0.08243  0.6344 8.28531 0.00022 0.00036 0.78369
  9.50    5562 0.08270  0.7107 8.18178 0.00021 0.00035 0.86361
 10.50    6543 0.08216  0.7964 8.32447 0.00021 0.00035 0.95956
 11.50    6111 0.07999  0.8800 8.82160 0.00020 0.00033 1.06358
 12.50    8525 0.07775  0.9769 9.31655 0.00018 0.00030 1.15320
 13.50    6651 0.07467  1.0635 10.13161 0.00017 0.00027 1.26494
 14.50    8428 0.07240  1.1538 10.75826 0.00015 0.00025 1.35101
 15.50    7160 0.06974  1.2567 11.44387 0.00013 0.00021 1.47052
 16.50    6414 0.06517  1.3495 12.93182 0.00011 0.00017 1.57042
 17.50    5560 0.05998  1.4557 14.86523 0.00008 0.00013 1.67785
 18.50    3740 0.05452  1.5644 17.20212 0.00005 0.00009 1.79387
 19.50    2579 0.05047  1.7144 18.86543 0.00003 0.00004 1.93330
 20.50     740 0.04048  1.8977 25.98029 0.00001 0.00001 2.11738
 21.50      21 0.04432  2.1492 21.07920 0.00000 0.00000 3.59886
 22.50       0 0.00000  0.0000 0.00000 0.00000 0.00000 0.00000
 23.50       0 0.00000  0.0000 0.00000 0.00000 0.00000 0.00000
