  0.50   10959 0.15159  0.0672 0.16702 0.01139 0.01372 0.09726
  1.50   22001 0.15195  0.1544 0.14226 0.01132 0.01365 0.22368
  2.50   55230 0.15133  0.2597 0.15856 0.01113 0.01340 0.37553
  3.50   55969 0.14872  0.3633 0.28244 0.01096 0.01314 0.52254
  4.50   79705 0.14605  0.4552 0.41541 0.01079 0.01288 0.74609
  5.50   91429 0.14190  0.5479 0.62341 0.01044 0.01238 0.90123
  6.50  124001 0.13568  0.6533 0.94950 0.00983 0.01154 0.99935
  7.50  142975 0.12793  0.7679 1.38936 0.00908 0.01053 1.13152
  8.50  126924 0.12030  0.8812 1.86458 0.00826 0.00945 1.28698
  9.50  149770 0.11124  0.9960 2.51709 0.00737 0.00830 1.39891
 10.50  155434 0.10208  1.1181 3.27198 0.00635 0.00705 1.52789
 11.50  130565 0.09177  1.2359 4.30790 0.00535 0.00584 1.65621
 12.50  158293 0.08141  1.3646 5.58524 0.00424 0.00455 1.75701
 13.50   97626 0.06997  1.5038 7.35718 0.00297 0.00312 1.90251
 14.50   74304 0.06032  1.6495 9.10857 0.00161 0.00167 2.00748
 15.50   24656 0.05050  1.8205 11.26791 0.00052 0.00053 2.21103
 16.50    4048 0.03879  1.9928 15.57514 0.00008 0.00008 2.30724
 17.50     196 0.03001  2.1215 22.35836 0.00001 0.00001 2.30815
 18.50       0 0.00000  0.0000 0.00000 0.00000 0.00000 0.00000
 19.50       0 0.00000  0.0000 0.00000 0.00000 0.00000 0.00000
 20.50       0 0.00000  0.0000 0.00000 0.00000 0.00000 0.00000
 21.50       0 0.00000  0.0000 0.00000 0.00000 0.00000 0.00000
 22.50       0 0.00000  0.0000 0.00000 0.00000 0.00000 0.00000
 23.50       0 0.00000  0.0000 0.00000 0.00000 0.00000 0.00000
