  0.50       0 0.00000  0.0000 0.00000 0.00000 0.00000 0.00000
  1.50       0 0.00000  0.0000 0.00000 0.00000 0.00000 0.00000
  2.50       0 0.00000  0.0000 0.00000 0.00000 0.00000 0.00000
  3.50       0 0.00000  0.0000 0.00000 0.00000 0.00000 0.00000
  4.50       0 0.00000  0.0000 0.00000 0.00000 0.00000 0.00000
  5.50       0 0.00000  0.0000 0.00000 0.00000 0.00000 0.00000
  6.50      11 0.08575  0.0225 1.59618 0.00002 0.00002 0.23280
  7.50    1541 0.11105  0.5249 6.09422 0.00020 0.00029 0.80809
  8.50   33692 0.14286  1.0348 0.36325 0.00304 0.00435 1.49948
  9.50   42116 0.11855  1.1501 2.38149 0.00288 0.00400 1.56984
 10.50   29542 0.09483  1.2513 4.76229 0.00170 0.00229 1.63009
 11.50   12781 0.07538  1.3459 7.49105 0.00075 0.00098 1.69200
 12.50    3959 0.05867  1.4790 10.72887 0.00015 0.00020 1.75353
 13.50     110 0.04950  1.6995 14.36012 0.00001 0.00002 2.21013
 14.50       0 0.00000  0.0000 0.00000 0.00000 0.00000 0.00000
 15.50       0 0.00000  0.0000 0.00000 0.00000 0.00000 0.00000
 16.50       0 0.00000  0.0000 0.00000 0.00000 0.00000 0.00000
 17.50       0 0.00000  0.0000 0.00000 0.00000 0.00000 0.00000
 18.50       0 0.00000  0.0000 0.00000 0.00000 0.00000 0.00000
 19.50       0 0.00000  0.0000 0.00000 0.00000 0.00000 0.00000
 20.50       0 0.00000  0.0000 0.00000 0.00000 0.00000 0.00000
 21.50       0 0.00000  0.0000 0.00000 0.00000 0.00000 0.00000
 22.50       0 0.00000  0.0000 0.00000 0.00000 0.00000 0.00000
 23.50       0 0.00000  0.0000 0.00000 0.00000 0.00000 0.00000
