  0.50    4539 0.02769  0.0243 14.27320 0.00167 0.00001 1.47175
  1.50    9213 0.02796  0.0598 14.09675 0.00169 0.00000 0.14473
  2.50   23543 0.02807  0.0991 14.04316 0.00172 0.00000 0.14114
  3.50   23366 0.02797  0.1376 14.09908 0.00170 0.00000 0.19668
  4.50   33232 0.02826  0.1746 13.91121 0.00172 0.00000 0.23270
  5.50   38519 0.02847  0.2133 13.77425 0.00173 0.00000 0.27755
  6.50   53625 0.02849  0.2506 13.76472 0.00174 0.00000 0.31420
  7.50   65752 0.02877  0.2966 13.60760 0.00178 0.00000 0.36605
  8.50   62002 0.02893  0.3404 13.51453 0.00180 0.00000 0.42338
  9.50   79188 0.02916  0.3792 13.37539 0.00181 0.00000 0.46373
 10.50   92369 0.02928  0.4227 13.31131 0.00184 0.00000 0.51305
 11.50   90390 0.02982  0.4681 13.00089 0.00188 0.00000 0.57195
 12.50  133750 0.03004  0.5160 12.87579 0.00190 0.00000 0.61812
 13.50  114899 0.03049  0.5659 12.63115 0.00193 0.00000 0.68664
 14.50  157780 0.03104  0.6198 12.33453 0.00197 0.00000 0.74372
 15.50  157695 0.03144  0.6750 12.12211 0.00200 0.00000 0.81374
 16.50  171860 0.03195  0.7313 11.87059 0.00204 0.00000 0.88265
 17.50  194837 0.03222  0.7890 11.75036 0.00208 0.00000 0.95224
 18.50  196894 0.03152  0.8498 12.15096 0.00212 0.00000 1.03086
 19.50  279879 0.03137  0.9184 12.24456 0.00216 0.00000 1.10595
 20.50  278632 0.03182  0.9953 12.01319 0.00220 0.00000 1.20544
 21.50  293184 0.03240  1.0727 11.71670 0.00223 0.00000 1.30465
 22.50  315847 0.03278  1.1495 11.52935 0.00224 0.00000 1.40138
 23.50  341613 0.03328  1.2324 11.28736 0.00226 0.00000 1.50742
