  0.50    1232 0.05628  0.0312 13.28700 0.00073 0.00093 5.09109
  1.50    2334 0.05562  0.0938 13.49955 0.00069 0.00088 0.22364
  2.50    5897 0.05587  0.1561 13.40564 0.00069 0.00088 0.22019
  3.50    6087 0.05520  0.2154 13.70470 0.00071 0.00090 0.30439
  4.50    8607 0.05628  0.2792 13.26451 0.00070 0.00090 0.36644
  5.50   10155 0.05650  0.3334 13.17813 0.00072 0.00091 0.42914
  6.50   14708 0.05758  0.4015 12.78583 0.00074 0.00094 0.49682
  7.50   18017 0.05813  0.4788 12.58923 0.00074 0.00095 0.58347
  8.50   17224 0.05928  0.5478 12.16586 0.00075 0.00096 0.67490
  9.50   22407 0.05905  0.6164 12.25961 0.00076 0.00097 0.74566
 10.50   26355 0.05949  0.6962 12.11080 0.00076 0.00097 0.83551
 11.50   25767 0.05990  0.7690 11.95942 0.00076 0.00097 0.92894
 12.50   38002 0.06001  0.8509 11.91211 0.00075 0.00096 1.00728
 13.50   31976 0.05949  0.9414 12.08036 0.00073 0.00093 1.12611
 14.50   42576 0.05809  1.0265 12.57284 0.00071 0.00090 1.20983
 15.50   40587 0.05699  1.1184 12.95531 0.00067 0.00085 1.31944
 16.50   40684 0.05568  1.2061 13.39738 0.00062 0.00079 1.41975
 17.50   42065 0.05385  1.2987 14.10560 0.00057 0.00072 1.52096
 18.50   37591 0.05161  1.3867 15.02845 0.00050 0.00064 1.62335
 19.50   43392 0.04801  1.4924 16.65915 0.00041 0.00052 1.71922
 20.50   32795 0.04429  1.6222 18.62753 0.00031 0.00039 1.86023
 21.50   22394 0.03976  1.7658 21.43292 0.00020 0.00025 2.00896
 22.50   12908 0.03516  1.9216 24.96802 0.00010 0.00013 2.16747
 23.50    4881 0.03065  2.1074 29.53904 0.00004 0.00004 2.35465
