  0.50     396 0.09620  0.0556 5.69717 0.00031 0.00052 3.12886
  1.50     753 0.09735  0.1376 5.44273 0.00029 0.00049 0.30768
  2.50    2079 0.09941  0.2071 5.16469 0.00032 0.00054 0.30068
  3.50    2132 0.09821  0.2950 5.37637 0.00032 0.00054 0.42704
  4.50    3154 0.09844  0.3632 5.37291 0.00033 0.00056 0.49435
  5.50    3569 0.09791  0.4344 5.42757 0.00032 0.00054 0.57887
  6.50    5046 0.09828  0.5318 5.35409 0.00032 0.00053 0.67718
  7.50    5942 0.09854  0.6188 5.26865 0.00030 0.00051 0.77660
  8.50    5648 0.09749  0.7118 5.43819 0.00030 0.00050 0.90027
  9.50    7018 0.09641  0.7895 5.59669 0.00029 0.00048 0.98086
 10.50    7810 0.09409  0.8827 5.99955 0.00027 0.00045 1.08205
 11.50    7028 0.08894  0.9809 6.90884 0.00024 0.00041 1.19992
 12.50    9408 0.08611  1.0764 7.42948 0.00022 0.00036 1.28623
 13.50    7224 0.08192  1.1723 8.31327 0.00019 0.00032 1.40938
 14.50    8043 0.07486  1.2702 10.01921 0.00016 0.00026 1.49512
 15.50    6394 0.06952  1.3725 11.50369 0.00012 0.00020 1.61144
 16.50    4721 0.06273  1.4894 13.69378 0.00008 0.00013 1.73007
 17.50    2894 0.05715  1.6163 15.63671 0.00004 0.00007 1.85612
 18.50    1052 0.04844  1.7768 20.52441 0.00002 0.00003 2.01580
 19.50     200 0.04062  1.8931 28.31351 0.00001 0.00001 2.21200
 20.50       0 0.00000  0.0000 0.00000 0.00000 0.00000 0.00000
 21.50       0 0.00000  0.0000 0.00000 0.00000 0.00000 0.00000
 22.50       0 0.00000  0.0000 0.00000 0.00000 0.00000 0.00000
 23.50       0 0.00000  0.0000 0.00000 0.00000 0.00000 0.00000
