  0.50     648 0.02980  0.0473 32.68730 0.00032 0.00041 6.58813
  1.50    1313 0.03451  0.0849 26.89290 0.00033 0.00042 0.17446
  2.50    3417 0.03208  0.1377 29.81442 0.00034 0.00043 0.18267
  3.50    3496 0.03237  0.1970 29.48502 0.00034 0.00044 0.26056
  4.50    5135 0.03295  0.2424 28.78541 0.00036 0.00046 0.30252
  5.50    5750 0.03448  0.2994 27.05337 0.00034 0.00044 0.36618
  6.50    8428 0.03490  0.3517 26.66258 0.00036 0.00046 0.41587
  7.50   10206 0.03432  0.4159 27.23119 0.00036 0.00047 0.48422
  8.50    9737 0.03338  0.4760 28.28554 0.00037 0.00047 0.55745
  9.50   12908 0.03593  0.5390 25.82372 0.00038 0.00049 0.62336
 10.50   15167 0.03632  0.6067 25.25041 0.00038 0.00049 0.69659
 11.50   15009 0.03627  0.6701 25.25240 0.00039 0.00050 0.77198
 12.50   22732 0.03776  0.7451 23.93454 0.00040 0.00051 0.84495
 13.50   19978 0.03723  0.8246 24.38035 0.00041 0.00052 0.94330
 14.50   26858 0.03782  0.9086 23.84001 0.00040 0.00051 1.02774
 15.50   26270 0.03835  0.9918 23.41097 0.00039 0.00050 1.12536
 16.50   27698 0.03933  1.0811 22.53190 0.00038 0.00049 1.22723
 17.50   30008 0.03897  1.1725 22.72394 0.00036 0.00047 1.32606
 18.50   28075 0.03809  1.2679 23.51251 0.00033 0.00043 1.43479
 19.50   35434 0.03707  1.3749 24.33999 0.00030 0.00038 1.53968
 20.50   30151 0.03595  1.4889 25.37080 0.00025 0.00033 1.66803
 21.50   26259 0.03397  1.6123 27.26128 0.00021 0.00027 1.80030
 22.50   21898 0.03142  1.7269 30.06251 0.00016 0.00021 1.92107
 23.50   17088 0.02800  1.8641 34.95981 0.00012 0.00015 2.06292
