  0.50     526 0.11881  0.0515 2.74565 0.00047 0.00081 2.01747
  1.50    1130 0.11830  0.1521 2.87275 0.00050 0.00086 0.36569
  2.50    2880 0.12156  0.2366 2.49538 0.00050 0.00086 0.35704
  3.50    2930 0.11607  0.3333 3.15274 0.00050 0.00085 0.49981
  4.50    4189 0.12245  0.4102 2.37000 0.00049 0.00086 0.58032
  5.50    4746 0.11688  0.4953 2.99792 0.00047 0.00082 0.67999
  6.50    6541 0.11656  0.5889 3.01002 0.00046 0.00079 0.77702
  7.50    7721 0.11402  0.6939 3.31093 0.00044 0.00075 0.89878
  8.50    6995 0.11025  0.7842 3.75860 0.00041 0.00070 1.01823
  9.50    8466 0.10459  0.8796 4.51622 0.00038 0.00064 1.11288
 10.50    8787 0.09978  0.9814 5.13978 0.00033 0.00056 1.22094
 11.50    7671 0.09716  1.0765 5.47777 0.00029 0.00049 1.33477
 12.50    9592 0.09115  1.1804 6.46717 0.00024 0.00040 1.42368
 13.50    6508 0.08284  1.2891 8.05129 0.00019 0.00031 1.55585
 14.50    6478 0.07463  1.3829 9.91874 0.00014 0.00022 1.63357
 15.50    3681 0.06587  1.5259 12.33313 0.00008 0.00012 1.78348
 16.50    1548 0.05460  1.6492 16.61313 0.00003 0.00005 1.88965
 17.50     325 0.04567  1.8309 21.73018 0.00001 0.00001 2.11442
 18.50       0 0.00000  0.0000 0.00000 0.00000 0.00000 0.00000
 19.50       0 0.00000  0.0000 0.00000 0.00000 0.00000 0.00000
 20.50       0 0.00000  0.0000 0.00000 0.00000 0.00000 0.00000
 21.50       0 0.00000  0.0000 0.00000 0.00000 0.00000 0.00000
 22.50       0 0.00000  0.0000 0.00000 0.00000 0.00000 0.00000
 23.50       0 0.00000  0.0000 0.00000 0.00000 0.00000 0.00000
