  0.50       0 0.00000  0.0000 0.00000 0.00000 0.00000 0.00000
  1.50       0 0.00000  0.0000 0.00000 0.00000 0.00000 0.00000
  2.50       0 0.00000  0.0000 0.00000 0.00000 0.00000 0.00000
  3.50       0 0.00000  0.0000 0.00000 0.00000 0.00000 0.00000
  4.50       0 0.00000  0.0000 0.00000 0.00000 0.00000 0.00000
  5.50       0 0.00000  0.0000 0.00000 0.00000 0.00000 0.00000
  6.50     596 0.15893  0.7239 -1.91777 0.00020 0.00036 1.39514
  7.50    6456 0.15712  0.8430 -1.05232 0.00048 0.00085 1.16644
  8.50    8854 0.14565  0.9431 0.40342 0.00067 0.00119 1.28714
  9.50    9381 0.12563  1.0571 2.10992 0.00054 0.00093 1.38094
 10.50    8339 0.10839  1.1688 4.02074 0.00040 0.00068 1.48144
 11.50    5563 0.09905  1.2645 5.05713 0.00027 0.00045 1.58372
 12.50    4257 0.08326  1.3622 7.79116 0.00014 0.00023 1.63360
 13.50     993 0.06437  1.5005 12.61020 0.00004 0.00006 1.76630
 14.50     121 0.05063  1.6100 18.74256 0.00001 0.00002 2.04286
 15.50       0 0.00000  0.0000 0.00000 0.00000 0.00000 0.00000
 16.50       0 0.00000  0.0000 0.00000 0.00000 0.00000 0.00000
 17.50       0 0.00000  0.0000 0.00000 0.00000 0.00000 0.00000
 18.50       0 0.00000  0.0000 0.00000 0.00000 0.00000 0.00000
 19.50       0 0.00000  0.0000 0.00000 0.00000 0.00000 0.00000
 20.50       0 0.00000  0.0000 0.00000 0.00000 0.00000 0.00000
 21.50       0 0.00000  0.0000 0.00000 0.00000 0.00000 0.00000
 22.50       0 0.00000  0.0000 0.00000 0.00000 0.00000 0.00000
 23.50       0 0.00000  0.0000 0.00000 0.00000 0.00000 0.00000
