  0.50     339 0.04819  0.0397 18.67830 0.00019 0.00027 5.52021
  1.50     692 0.04855  0.0713 18.50110 0.00020 0.00027 0.17654
  2.50    1716 0.05053  0.1461 17.41506 0.00019 0.00027 0.20035
  3.50    1648 0.05109  0.2037 17.00918 0.00018 0.00026 0.27981
  4.50    2462 0.05087  0.2626 17.16960 0.00019 0.00027 0.33572
  5.50    2900 0.05128  0.3139 16.96555 0.00020 0.00027 0.39350
  6.50    4196 0.05223  0.3792 16.48188 0.00020 0.00028 0.45780
  7.50    5079 0.05306  0.4445 16.05305 0.00020 0.00028 0.53022
  8.50    4882 0.05270  0.5117 16.26742 0.00021 0.00029 0.61406
  9.50    6411 0.05460  0.5816 15.38654 0.00021 0.00029 0.68712
 10.50    7473 0.05441  0.6466 15.44961 0.00021 0.00029 0.75893
 11.50    7393 0.05459  0.7210 15.38401 0.00021 0.00030 0.85018
 12.50   11139 0.05442  0.7991 15.45459 0.00021 0.00030 0.92422
 13.50    9279 0.05526  0.8736 15.00399 0.00021 0.00029 1.02365
 14.50   12512 0.05505  0.9572 15.11278 0.00021 0.00029 1.10749
 15.50   12084 0.05456  1.0425 15.32176 0.00020 0.00028 1.20933
 16.50   12253 0.05426  1.1252 15.38419 0.00018 0.00026 1.30408
 17.50   13053 0.05290  1.2040 16.05005 0.00018 0.00024 1.38978
 18.50   12004 0.05111  1.2804 16.91724 0.00016 0.00022 1.47832
 19.50   14871 0.04933  1.3826 17.78434 0.00014 0.00020 1.57658
 20.50   11807 0.04606  1.4931 19.59771 0.00011 0.00016 1.69820
 21.50    9157 0.04317  1.6177 21.25546 0.00008 0.00011 1.83202
 22.50    6431 0.03845  1.7506 24.79681 0.00005 0.00007 1.96462
 23.50    3476 0.03503  1.9320 27.94812 0.00003 0.00004 2.15266
