  0.50      20 0.01320  0.0124 116.40700 0.00001 0.00001 8.86668
  1.50      28 0.01736  0.0496 85.34010 0.00001 0.00001 0.11000
  2.50      85 0.01742  0.0840 86.58360 0.00001 0.00001 0.11121
  3.50      77 0.01677  0.1385 88.87390 0.00001 0.00001 0.17819
  4.50     124 0.01950  0.1647 75.85291 0.00001 0.00001 0.19763
  5.50     138 0.01571  0.2038 97.87373 0.00001 0.00001 0.23991
  6.50     202 0.01809  0.2297 83.92666 0.00001 0.00001 0.26475
  7.50     253 0.01641  0.2635 95.16431 0.00001 0.00001 0.29930
  8.50     237 0.01860  0.2942 81.80913 0.00001 0.00001 0.33468
  9.50     304 0.01845  0.3600 82.81566 0.00001 0.00001 0.39596
 10.50     365 0.01721  0.3790 89.96328 0.00001 0.00001 0.41385
 11.50     336 0.01843  0.4195 82.24469 0.00001 0.00001 0.46126
 12.50     524 0.02070  0.4557 71.58311 0.00001 0.00001 0.49246
 13.50     445 0.02053  0.5170 73.20447 0.00001 0.00001 0.56385
 14.50     600 0.01977  0.5572 78.37884 0.00001 0.00001 0.60090
 15.50     586 0.02075  0.6043 72.28927 0.00001 0.00001 0.65414
 16.50     665 0.01993  0.6491 77.77873 0.00001 0.00001 0.70414
 17.50     761 0.01926  0.6836 78.69313 0.00001 0.00002 0.74083
 18.50     727 0.01993  0.7344 76.16136 0.00001 0.00001 0.79833
 19.50    1033 0.02207  0.8038 68.64614 0.00001 0.00001 0.86256
 20.50    1064 0.02487  0.8583 57.95668 0.00001 0.00002 0.92431
 21.50    1125 0.02529  0.9176 57.01053 0.00001 0.00002 0.99097
 22.50    1095 0.02643  0.9806 53.99119 0.00001 0.00001 1.05858
 23.50    1213 0.02483  1.0481 59.02869 0.00001 0.00002 1.12986
