  0.50      30 0.02378  0.0058 59.85390 0.00001 0.00003 6.66464
  1.50      64 0.03244  0.1056 41.84615 0.00002 0.00003 0.19960
  2.50     159 0.03348  0.1393 39.37742 0.00002 0.00003 0.17742
  3.50     177 0.03650  0.1859 35.72752 0.00002 0.00003 0.24101
  4.50     224 0.03463  0.2086 38.50974 0.00002 0.00003 0.25927
  5.50     276 0.03118  0.2846 43.91148 0.00002 0.00003 0.33997
  6.50     418 0.03525  0.3003 37.41291 0.00002 0.00003 0.35034
  7.50     485 0.03463  0.3782 38.59941 0.00002 0.00003 0.43191
  8.50     479 0.03525  0.4283 37.64119 0.00002 0.00003 0.49298
  9.50     667 0.03735  0.4830 34.58128 0.00002 0.00003 0.54793
 10.50     724 0.03717  0.5357 34.86327 0.00002 0.00003 0.60423
 11.50     710 0.03578  0.6050 36.30543 0.00002 0.00003 0.68477
 12.50    1069 0.03749  0.6580 35.21475 0.00002 0.00003 0.73068
 13.50     933 0.03826  0.7237 33.45934 0.00002 0.00003 0.81280
 14.50    1284 0.03960  0.7872 31.94515 0.00002 0.00003 0.87308
 15.50    1292 0.04093  0.8766 30.24101 0.00002 0.00004 0.97648
 16.50    1373 0.04092  0.9292 30.56840 0.00002 0.00003 1.03547
 17.50    1480 0.04173  1.0052 29.71481 0.00002 0.00003 1.11989
 18.50    1434 0.04144  1.0806 29.94367 0.00002 0.00003 1.20672
 19.50    1920 0.04016  1.1574 31.02466 0.00002 0.00003 1.27945
 20.50    1652 0.03739  1.2477 34.55471 0.00002 0.00003 1.38008
 21.50    1506 0.03671  1.3271 35.63361 0.00001 0.00002 1.47140
 22.50    1460 0.03704  1.4239 35.60581 0.00001 0.00002 1.57630
 23.50    1213 0.03498  1.5082 38.84974 0.00001 0.00002 1.66364
