  0.50    1417 0.15766  0.0748 -0.22474 0.00147 0.00233 0.28589
  1.50    2848 0.15515  0.1509 -0.06139 0.00147 0.00231 0.35901
  2.50    7250 0.15285  0.2601 0.08447 0.00146 0.00230 0.42544
  3.50    7281 0.15164  0.3614 0.14496 0.00143 0.00224 0.59161
  4.50   10158 0.14675  0.4576 0.45838 0.00137 0.00215 0.69614
  5.50   11306 0.14427  0.5519 0.57916 0.00129 0.00201 0.81892
  6.50   14966 0.13840  0.6526 0.95455 0.00119 0.00184 0.92271
  7.50   17222 0.13060  0.7616 1.53751 0.00110 0.00168 1.04624
  8.50   14714 0.12101  0.8722 2.33367 0.00096 0.00146 1.18513
  9.50   16444 0.11202  0.9795 3.17704 0.00082 0.00122 1.28752
 10.50   16456 0.10307  1.0969 4.15080 0.00068 0.00101 1.41200
 11.50   13385 0.09238  1.1926 5.60840 0.00056 0.00082 1.51761
 12.50   15350 0.08382  1.2944 6.94716 0.00043 0.00062 1.59128
 13.50    8553 0.07373  1.4092 8.86685 0.00027 0.00039 1.71854
 14.50    5772 0.05999  1.5337 12.66317 0.00013 0.00019 1.80063
 15.50    1507 0.04857  1.6952 16.98214 0.00003 0.00005 1.95120
 16.50     114 0.04520  1.8620 18.49893 0.00001 0.00001 2.31095
 17.50       0 0.00000  0.0000 0.00000 0.00000 0.00000 0.00000
 18.50       0 0.00000  0.0000 0.00000 0.00000 0.00000 0.00000
 19.50       0 0.00000  0.0000 0.00000 0.00000 0.00000 0.00000
 20.50       0 0.00000  0.0000 0.00000 0.00000 0.00000 0.00000
 21.50       0 0.00000  0.0000 0.00000 0.00000 0.00000 0.00000
 22.50       0 0.00000  0.0000 0.00000 0.00000 0.00000 0.00000
 23.50       0 0.00000  0.0000 0.00000 0.00000 0.00000 0.00000
