  0.50   41924 0.06164  0.0424 1.68468 0.02181 0.00581 7.95879
  1.50   84419 0.06159  0.0981 1.69115 0.02188 0.00582 0.49648
  2.50  213114 0.06166  0.1601 1.68802 0.02191 0.00584 0.47563
  3.50  217284 0.06176  0.2259 1.68809 0.02207 0.00589 0.67155
  4.50  310025 0.06215  0.2875 1.66517 0.02216 0.00593 0.79467
  5.50  362328 0.06223  0.3484 1.66395 0.02227 0.00596 0.94462
  6.50  513050 0.06263  0.4203 1.64176 0.02239 0.00602 1.09644
  7.50  629107 0.06296  0.4956 1.62756 0.02258 0.00609 1.27775
  8.50  600964 0.06337  0.5729 1.60218 0.02263 0.00612 1.49503
  9.50  780564 0.06375  0.6470 1.58195 0.02275 0.00618 1.66446
 10.50  922933 0.06406  0.7318 1.56407 0.02282 0.00621 1.87286
 11.50  906885 0.06451  0.8181 1.53612 0.02285 0.00624 2.11465
 12.50 1359935 0.06480  0.9145 1.51159 0.02272 0.00623 2.32298
 13.50 1172700 0.06496  1.0211 1.49021 0.02249 0.00617 2.62933
 14.50 1602324 0.06499  1.1321 1.47086 0.02210 0.00607 2.87701
 15.50 1585340 0.06485  1.2544 1.44985 0.02144 0.00588 3.19512
 16.50 1685686 0.06454  1.3799 1.42989 0.02060 0.00564 3.50240
 17.50 1838825 0.06387  1.5130 1.42197 0.01955 0.00532 3.80550
 18.50 1766015 0.06292  1.6567 1.41803 0.01827 0.00493 4.13753
 19.50 2325815 0.06141  1.8342 1.42491 0.01656 0.00441 4.46330
 20.50 2094997 0.05948  2.0408 1.43434 0.01454 0.00380 4.88169
 21.50 1947158 0.05700  2.2678 1.46360 0.01240 0.00317 5.28477
 22.50 1810913 0.05402  2.5241 1.51417 0.01023 0.00254 5.68589
 23.50 1611362 0.05030  2.8288 1.60217 0.00801 0.00192 6.10059
