  0.50   21535 0.08643  0.0573 2.49663 0.01581 0.00014 0.65391
  1.50   43701 0.08672  0.1290 2.47946 0.01593 0.00006 0.42281
  2.50  111141 0.08689  0.2126 2.46788 0.01598 0.00003 0.40265
  3.50  113959 0.08687  0.2966 2.47420 0.01606 0.00003 0.56307
  4.50  163058 0.08716  0.3765 2.44723 0.01603 0.00002 0.66175
  5.50  190978 0.08708  0.4605 2.44872 0.01594 0.00002 0.79103
  6.50  271307 0.08689  0.5537 2.46049 0.01586 0.00001 0.91113
  7.50  332030 0.08659  0.6554 2.47668 0.01570 0.00001 1.05998
  8.50  313390 0.08571  0.7556 2.52860 0.01532 0.00001 1.22764
  9.50  400000 0.08466  0.8561 2.59515 0.01489 0.00001 1.35853
 10.50  454574 0.08314  0.9643 2.68354 0.01415 0.00001 1.50770
 11.50  425075 0.08095  1.0730 2.83067 0.01331 0.00001 1.67143
 12.50  597360 0.07821  1.1962 3.02156 0.01224 0.00000 1.80456
 13.50  472388 0.07460  1.3278 3.30288 0.01099 0.00000 1.99715
 14.50  579560 0.07049  1.4613 3.65503 0.00962 0.00000 2.13317
 15.50  501785 0.06585  1.6090 4.09392 0.00812 0.00000 2.31342
 16.50  451597 0.06081  1.7613 4.63882 0.00656 0.00000 2.47872
 17.50  396689 0.05541  1.9246 5.31309 0.00499 0.00000 2.64364
 18.50  277999 0.04938  2.0977 6.20865 0.00339 0.00000 2.81329
 19.50  216849 0.04257  2.3070 7.42425 0.00182 0.00000 2.96954
 20.50   76384 0.03526  2.5362 9.04092 0.00063 0.00000 3.15870
 21.50   16489 0.02928  2.7403 10.62453 0.00013 0.00000 3.28924
 22.50    1743 0.02058  2.9252 19.81576 0.00001 0.00000 3.41032
 23.50      28 0.01538  3.0839 32.71045 0.00000 0.00000 3.55984
