  0.50   11794 0.02897  0.0284 3.94176 0.00378 0.00073 8.89687
  1.50   24068 0.02904  0.0635 3.94522 0.00385 0.00074 0.20441
  2.50   60185 0.02923  0.0999 3.89942 0.00384 0.00074 0.19802
  3.50   60771 0.02957  0.1383 3.82904 0.00386 0.00075 0.27432
  4.50   85956 0.02930  0.1755 3.89237 0.00388 0.00075 0.32283
  5.50   98639 0.02962  0.2115 3.82035 0.00387 0.00075 0.38218
  6.50  139204 0.02954  0.2490 3.85398 0.00394 0.00076 0.43261
  7.50  166814 0.02982  0.2936 3.79512 0.00395 0.00077 0.50341
  8.50  158170 0.02998  0.3335 3.77669 0.00401 0.00078 0.57809
  9.50  201520 0.03010  0.3750 3.75798 0.00403 0.00078 0.63923
 10.50  233350 0.03028  0.4173 3.72603 0.00406 0.00079 0.70712
 11.50  227398 0.03046  0.4625 3.70505 0.00413 0.00081 0.78896
 12.50  335824 0.03079  0.5087 3.64585 0.00417 0.00082 0.85422
 13.50  287165 0.03105  0.5581 3.60660 0.00423 0.00083 0.95083
 14.50  392263 0.03121  0.6070 3.58947 0.00430 0.00085 1.02377
 15.50  391470 0.03163  0.6611 3.52107 0.00436 0.00086 1.12398
 16.50  424257 0.03188  0.7170 3.48390 0.00442 0.00088 1.22215
 17.50  477893 0.03227  0.7704 3.42603 0.00449 0.00090 1.31701
 18.50  482127 0.03264  0.8269 3.37376 0.00458 0.00092 1.42529
 19.50  682424 0.03306  0.8939 3.31359 0.00466 0.00094 1.53380
 20.50  679376 0.03352  0.9662 3.24925 0.00474 0.00096 1.67460
 21.50  717553 0.03400  1.0394 3.18165 0.00483 0.00098 1.81480
 22.50  780202 0.03440  1.1154 3.12845 0.00491 0.00100 1.95892
 23.50  845984 0.03491  1.1957 3.05242 0.00497 0.00102 2.11638
