  0.50      11 0.00805  0.0201 197.54500 0.00000 0.00001 10.53952
  1.50      29 0.00990  0.0238 160.21250 0.00000 0.00001 0.07835
  2.50      31 0.01044  0.0823 189.33033 0.00000 0.00001 0.11643
  3.50      39 0.01288  0.0929 123.22013 0.00000 0.00001 0.13773
  4.50      75 0.01060  0.1139 151.36550 0.00000 0.00001 0.14204
  5.50      54 0.01152  0.1723 146.53300 0.00000 0.00001 0.21470
  6.50     117 0.01232  0.1838 131.04888 0.00000 0.00001 0.21316
  7.50      95 0.01100  0.2261 151.82290 0.00000 0.00001 0.26595
  8.50     128 0.01232  0.2456 128.56198 0.00000 0.00001 0.28792
  9.50     190 0.01050  0.2591 154.41792 0.00000 0.00001 0.29611
 10.50     168 0.00918  0.2986 188.40625 0.00000 0.00001 0.33906
 11.50     133 0.01020  0.3298 181.33064 0.00000 0.00001 0.37807
 12.50     331 0.01166  0.3628 139.78347 0.00000 0.00001 0.39077
 13.50     263 0.01139  0.3912 147.90597 0.00000 0.00001 0.42542
 14.50     329 0.01182  0.4253 139.28878 0.00000 0.00001 0.45490
 15.50     322 0.01339  0.4661 123.26199 0.00000 0.00001 0.50039
 16.50     382 0.01343  0.5022 123.22125 0.00000 0.00001 0.53826
 17.50     405 0.01319  0.5440 123.28242 0.00000 0.00001 0.57932
 18.50     400 0.01268  0.5756 127.61186 0.00000 0.00001 0.61739
 19.50     595 0.01419  0.6110 113.55208 0.00000 0.00001 0.64696
 20.50     604 0.01189  0.6537 138.44554 0.00000 0.00001 0.69367
 21.50     620 0.01348  0.6946 124.39762 0.00000 0.00001 0.74153
 22.50     674 0.01115  0.7361 154.03022 0.00000 0.00001 0.78535
 23.50     692 0.01102  0.7681 162.20247 0.00000 0.00001 0.82212
