  0.50      46 0.02623  0.0194 47.34400 0.00002 0.00003 8.62895
  1.50     132 0.02748  0.0642 45.33105 0.00003 0.00004 0.13618
  2.50     285 0.03038  0.1036 39.63916 0.00002 0.00003 0.13263
  3.50     313 0.02808  0.1389 43.87712 0.00002 0.00004 0.18015
  4.50     463 0.02783  0.1578 45.11436 0.00003 0.00004 0.19447
  5.50     527 0.02830  0.1970 43.50486 0.00003 0.00004 0.23801
  6.50     692 0.02840  0.2439 43.57525 0.00002 0.00004 0.28066
  7.50     860 0.02996  0.2817 40.82725 0.00002 0.00004 0.31972
  8.50     837 0.02764  0.3245 45.38662 0.00003 0.00004 0.37015
  9.50    1041 0.02878  0.3634 42.71999 0.00003 0.00004 0.40733
 10.50    1265 0.03008  0.3988 41.29072 0.00003 0.00004 0.44451
 11.50    1173 0.02894  0.4490 42.42488 0.00003 0.00004 0.50160
 12.50    1868 0.02939  0.4946 41.90265 0.00003 0.00004 0.54217
 13.50    1602 0.02961  0.5458 41.49136 0.00003 0.00005 0.60552
 14.50    2265 0.03041  0.5885 40.06409 0.00003 0.00005 0.64509
 15.50    2261 0.03112  0.6380 39.01810 0.00003 0.00005 0.70107
 16.50    2520 0.03208  0.7009 37.18440 0.00003 0.00005 0.76754
 17.50    2756 0.03320  0.7477 35.62096 0.00003 0.00005 0.81829
 18.50    2632 0.03275  0.7996 36.20102 0.00003 0.00005 0.87761
 19.50    3835 0.03406  0.8674 34.60709 0.00003 0.00005 0.94411
 20.50    3678 0.03452  0.9328 33.73890 0.00003 0.00005 1.01839
 21.50    3873 0.03557  0.9988 32.41735 0.00003 0.00005 1.09411
 22.50    4100 0.03573  1.0629 32.21538 0.00003 0.00005 1.16558
 23.50    4259 0.03554  1.1297 32.65541 0.00003 0.00005 1.24026
