  0.50     102 0.04371  0.0379 24.25240 0.00005 0.00008 6.94503
  1.50     227 0.04268  0.0820 25.35970 0.00005 0.00009 0.16597
  2.50     569 0.03918  0.1170 29.06064 0.00005 0.00009 0.15701
  3.50     596 0.04051  0.1707 27.64192 0.00006 0.00009 0.22783
  4.50     833 0.04119  0.2099 26.93623 0.00006 0.00009 0.26175
  5.50     958 0.04094  0.2558 27.01852 0.00006 0.00009 0.31224
  6.50    1410 0.04040  0.3095 27.49428 0.00006 0.00009 0.36219
  7.50    1742 0.04201  0.3646 26.03908 0.00006 0.00010 0.42162
  8.50    1634 0.04291  0.4185 25.47604 0.00006 0.00010 0.48754
  9.50    2163 0.04236  0.4713 25.84544 0.00006 0.00010 0.53961
 10.50    2548 0.04202  0.5233 26.18989 0.00006 0.00010 0.59554
 11.50    2452 0.04350  0.5821 24.80459 0.00006 0.00010 0.66481
 12.50    3776 0.04392  0.6446 24.53261 0.00007 0.00011 0.72141
 13.50    3225 0.04611  0.7051 22.75622 0.00007 0.00011 0.80126
 14.50    4326 0.04636  0.7714 22.57612 0.00007 0.00011 0.86499
 15.50    4313 0.04554  0.8473 23.24890 0.00007 0.00011 0.95156
 16.50    4559 0.04747  0.9167 21.80186 0.00006 0.00010 1.03205
 17.50    5098 0.04657  0.9896 22.41853 0.00006 0.00010 1.11090
 18.50    4959 0.04662  1.0593 22.33995 0.00006 0.00010 1.19328
 19.50    6588 0.04603  1.1423 22.77765 0.00006 0.00010 1.27387
 20.50    5971 0.04695  1.2243 22.05508 0.00005 0.00009 1.37082
 21.50    5526 0.04696  1.3177 21.93554 0.00005 0.00008 1.47576
 22.50    5280 0.04534  1.4024 23.15627 0.00004 0.00007 1.56653
 23.50    4683 0.04389  1.4973 24.15766 0.00004 0.00006 1.66849
