  0.50    3752 0.02359  0.0262 17.34840 0.00127 0.00001 1.55217
  1.50    7442 0.02343  0.0515 17.50060 0.00126 0.00000 0.12032
  2.50   19002 0.02378  0.0892 17.18984 0.00128 0.00000 0.12520
  3.50   19148 0.02355  0.1265 17.40798 0.00128 0.00000 0.17703
  4.50   26818 0.02383  0.1595 17.14280 0.00128 0.00000 0.20776
  5.50   31224 0.02383  0.1904 17.14539 0.00130 0.00000 0.24354
  6.50   43478 0.02390  0.2283 17.09085 0.00130 0.00000 0.28027
  7.50   52081 0.02427  0.2669 16.75371 0.00131 0.00000 0.32296
  8.50   49680 0.02410  0.3046 16.92986 0.00134 0.00000 0.37128
  9.50   63738 0.02454  0.3412 16.54789 0.00136 0.00000 0.40908
 10.50   73559 0.02473  0.3806 16.38637 0.00137 0.00000 0.45281
 11.50   71114 0.02481  0.4186 16.33422 0.00138 0.00000 0.50054
 12.50  105721 0.02513  0.4613 16.08009 0.00141 0.00000 0.54082
 13.50   90523 0.02549  0.5049 15.80048 0.00144 0.00000 0.59934
 14.50  123227 0.02588  0.5503 15.49741 0.00146 0.00000 0.64546
 15.50  122921 0.02618  0.5975 15.27360 0.00149 0.00000 0.70358
 16.50  133174 0.02659  0.6466 14.97989 0.00151 0.00000 0.76182
 17.50  149538 0.02721  0.6959 14.53693 0.00154 0.00000 0.82011
 18.50  150861 0.02747  0.7460 14.36831 0.00157 0.00000 0.88205
 19.50  213562 0.02792  0.8037 14.07643 0.00161 0.00000 0.94316
 20.50  212158 0.02854  0.8679 13.67565 0.00164 0.00000 1.02432
 21.50  223732 0.02905  0.9332 13.36779 0.00167 0.00000 1.10485
 22.50  243600 0.02963  0.9979 13.02669 0.00171 0.00000 1.18443
 23.50  263227 0.03025  1.0667 12.66329 0.00174 0.00000 1.26981
