  0.50    4205 0.10365  0.0629 3.58817 0.00350 0.00490 2.46708
  1.50    8225 0.10488  0.1431 3.40070 0.00339 0.00476 0.33841
  2.50   20933 0.10592  0.2219 3.27395 0.00340 0.00479 0.34016
  3.50   21363 0.10507  0.3103 3.38044 0.00340 0.00478 0.47505
  4.50   30261 0.10521  0.3935 3.34530 0.00335 0.00471 0.56144
  5.50   35601 0.10403  0.4783 3.49914 0.00334 0.00469 0.66821
  6.50   49545 0.10254  0.5713 3.67380 0.00326 0.00456 0.76649
  7.50   58583 0.09985  0.6730 3.99974 0.00311 0.00435 0.88492
  8.50   53754 0.09778  0.7750 4.23906 0.00295 0.00411 1.02253
  9.50   64716 0.09405  0.8697 4.71993 0.00271 0.00376 1.12023
 10.50   69976 0.09028  0.9800 5.24177 0.00245 0.00338 1.24338
 11.50   60842 0.08484  1.0879 6.07548 0.00214 0.00294 1.37288
 12.50   77046 0.08050  1.2086 6.74751 0.00178 0.00242 1.48107
 13.50   52763 0.07721  1.3399 7.21520 0.00138 0.00187 1.63968
 14.50   53431 0.07037  1.4762 8.62187 0.00100 0.00134 1.76292
 15.50   33395 0.06158  1.6305 10.82444 0.00061 0.00081 1.92450
 16.50   18467 0.05290  1.7956 13.74586 0.00030 0.00039 2.08577
 17.50    7510 0.04340  1.9694 18.24960 0.00011 0.00014 2.24659
 18.50    1440 0.02634  2.1693 49.78997 0.00002 0.00003 2.41875
 19.50      57 0.03453  2.2840 27.79880 0.00000 0.00001 3.12331
 20.50       0 0.00000  0.0000 0.00000 0.00000 0.00000 0.00000
 21.50       0 0.00000  0.0000 0.00000 0.00000 0.00000 0.00000
 22.50       0 0.00000  0.0000 0.00000 0.00000 0.00000 0.00000
 23.50       0 0.00000  0.0000 0.00000 0.00000 0.00000 0.00000
