  0.50    1062 0.08146  0.0593 6.50658 0.00078 0.00097 3.44134
  1.50    2104 0.08195  0.1166 6.41395 0.00077 0.00096 0.27705
  2.50    5237 0.08151  0.1942 6.46780 0.00076 0.00094 0.28722
  3.50    5417 0.08115  0.2736 6.55501 0.00077 0.00096 0.40702
  4.50    7797 0.08366  0.3459 6.09961 0.00077 0.00097 0.47972
  5.50    9078 0.08261  0.4199 6.28536 0.00077 0.00096 0.57099
  6.50   12901 0.08266  0.5049 6.27816 0.00077 0.00096 0.66191
  7.50   15986 0.08261  0.5991 6.30928 0.00078 0.00097 0.77350
  8.50   14868 0.08259  0.6806 6.26834 0.00075 0.00094 0.88680
  9.50   19108 0.07998  0.7670 6.74970 0.00074 0.00093 0.97625
 10.50   22011 0.07946  0.8609 6.83393 0.00072 0.00090 1.08725
 11.50   20439 0.07673  0.9501 7.32706 0.00068 0.00084 1.19969
 12.50   29443 0.07398  1.0471 7.88752 0.00065 0.00080 1.28977
 13.50   23105 0.07259  1.1527 8.08643 0.00059 0.00072 1.42714
 14.50   28727 0.06998  1.2444 8.62503 0.00053 0.00065 1.51026
 15.50   25466 0.06645  1.3486 9.43834 0.00046 0.00056 1.62913
 16.50   23097 0.06046  1.4621 11.05624 0.00038 0.00046 1.74518
 17.50   19586 0.05481  1.5753 12.84921 0.00029 0.00034 1.85680
 18.50   12223 0.04824  1.7170 15.35208 0.00017 0.00021 2.00216
 19.50    7344 0.04036  1.8944 19.42123 0.00007 0.00009 2.15380
 20.50    1446 0.03189  2.1071 26.17964 0.00001 0.00002 2.36533
 21.50      18 0.02809  2.3176 29.26050 0.00001 0.00001 5.81895
 22.50       0 0.00000  0.0000 0.00000 0.00000 0.00000 0.00000
 23.50       0 0.00000  0.0000 0.00000 0.00000 0.00000 0.00000
