  0.50     294 0.01661  0.0409 65.43790 0.00013 0.00016 7.72743
  1.50     543 0.01182  0.0721 98.01155 0.00012 0.00015 0.14429
  2.50    1537 0.01817  0.1132 61.19666 0.00013 0.00017 0.14911
  3.50    1478 0.01563  0.1648 70.59742 0.00013 0.00016 0.21301
  4.50    2120 0.01560  0.2113 73.88070 0.00013 0.00016 0.25501
  5.50    2580 0.01715  0.2509 64.25026 0.00013 0.00017 0.29897
  6.50    3589 0.01803  0.3014 60.87818 0.00013 0.00017 0.34667
  7.50    4455 0.01765  0.3532 61.82715 0.00014 0.00018 0.40001
  8.50    4396 0.01797  0.4093 60.88773 0.00015 0.00018 0.46695
  9.50    5500 0.01886  0.4572 57.51498 0.00014 0.00018 0.51437
 10.50    6597 0.01813  0.5144 60.54234 0.00015 0.00019 0.57294
 11.50    6621 0.01947  0.5657 55.42082 0.00016 0.00020 0.63414
 12.50    9821 0.02108  0.6268 50.70999 0.00016 0.00020 0.69130
 13.50    8683 0.02129  0.6921 49.74892 0.00016 0.00020 0.77014
 14.50   12173 0.02286  0.7545 45.22345 0.00017 0.00021 0.83227
 15.50   12409 0.02229  0.8296 47.17393 0.00017 0.00022 0.91537
 16.50   13638 0.02392  0.8964 43.29858 0.00018 0.00022 0.99137
 17.50   15719 0.02445  0.9752 41.81184 0.00018 0.00023 1.07651
 18.50   15652 0.02452  1.0479 41.82979 0.00018 0.00023 1.15941
 19.50   21367 0.02497  1.1354 40.88111 0.00017 0.00022 1.24511
 20.50   20547 0.02605  1.2290 38.57953 0.00017 0.00022 1.35314
 21.50   20144 0.02542  1.3225 39.70472 0.00016 0.00020 1.45497
 22.50   20241 0.02598  1.4243 38.59601 0.00015 0.00019 1.56850
 23.50   19394 0.02496  1.5265 41.02408 0.00013 0.00017 1.67751
