  0.50    2173 0.03375  0.0222 21.73710 0.00088 0.00087 8.19128
  1.50    4304 0.03336  0.0671 22.08885 0.00087 0.00086 0.14158
  2.50   10838 0.03324  0.1037 22.19106 0.00087 0.00086 0.13600
  3.50   11174 0.03295  0.1483 22.46812 0.00089 0.00088 0.20031
  4.50   15594 0.03403  0.1857 21.51253 0.00088 0.00087 0.23365
  5.50   18139 0.03350  0.2249 21.99681 0.00089 0.00088 0.27714
  6.50   25247 0.03395  0.2695 21.59375 0.00089 0.00088 0.31889
  7.50   30839 0.03443  0.3169 21.21089 0.00091 0.00090 0.37055
  8.50   29055 0.03437  0.3624 21.27163 0.00092 0.00091 0.42622
  9.50   37672 0.03443  0.4073 21.23775 0.00094 0.00093 0.47196
 10.50   43512 0.03507  0.4532 20.71545 0.00094 0.00093 0.52190
 11.50   42713 0.03527  0.5017 20.58477 0.00096 0.00095 0.57990
 12.50   63464 0.03547  0.5550 20.42643 0.00097 0.00096 0.63091
 13.50   54523 0.03611  0.6107 19.94673 0.00099 0.00098 0.70192
 14.50   74889 0.03632  0.6668 19.80519 0.00100 0.00100 0.75745
 15.50   75200 0.03673  0.7271 19.51613 0.00102 0.00101 0.82870
 16.50   82577 0.03717  0.7872 19.19261 0.00105 0.00104 0.89644
 17.50   93451 0.03753  0.8493 18.95006 0.00106 0.00106 0.96658
 18.50   92326 0.03806  0.9142 18.54938 0.00106 0.00105 1.04362
 19.50  130597 0.03835  0.9872 18.35923 0.00107 0.00107 1.11833
 20.50  126748 0.03878  1.0684 18.05493 0.00106 0.00105 1.21430
 21.50  131883 0.03889  1.1487 17.98952 0.00106 0.00105 1.30751
 22.50  138768 0.03898  1.2259 17.91461 0.00104 0.00104 1.39580
 23.50  145073 0.03878  1.3108 18.02981 0.00101 0.00101 1.49182
