  0.50       0 0.00000  0.0000 0.00000 0.00000 0.00000 0.00000
  1.50      10 0.08051  0.5003 -4.30780 0.00001 0.00000 0.73246
  2.50      35 0.06805  0.4132 -1.60384 0.00001 0.00000 1.04029
  3.50     115 0.05528  0.3444 0.90918 0.00002 0.00000 0.56015
  4.50     208 0.04307  0.2886 3.82977 0.00003 0.00000 0.41611
  5.50   87196 0.10984  0.4535 1.19762 0.01067 0.00000 0.85135
  6.50  355188 0.15009  0.6989 -0.69514 0.03023 0.00001 1.37131
  7.50  596301 0.14085  0.8216 0.32997 0.04027 0.00002 1.62615
  8.50  499631 0.12896  0.9755 0.64572 0.03385 0.00003 1.85475
  9.50  552026 0.11719  1.1302 1.00882 0.02772 0.00002 2.01659
 10.50  534849 0.10442  1.2979 1.49861 0.02184 0.00001 2.19009
 11.50  413365 0.09263  1.4639 2.04165 0.01658 0.00001 2.37577
 12.50  444434 0.07942  1.6365 2.83947 0.01149 0.00000 2.47639
 13.50  230225 0.06596  1.8192 3.87810 0.00665 0.00000 2.63568
 14.50  144308 0.05369  2.0058 5.10653 0.00295 0.00000 2.71689
 15.50   36149 0.04199  2.1979 6.63650 0.00071 0.00000 2.82441
 16.50    4885 0.03076  2.4043 9.35295 0.00009 0.00000 2.91660
 17.50     182 0.02218  2.6318 14.70802 0.00001 0.00000 3.01107
 18.50       0 0.00000  0.0000 0.00000 0.00000 0.00000 0.00000
 19.50       0 0.00000  0.0000 0.00000 0.00000 0.00000 0.00000
 20.50       0 0.00000  0.0000 0.00000 0.00000 0.00000 0.00000
 21.50       0 0.00000  0.0000 0.00000 0.00000 0.00000 0.00000
 22.50       0 0.00000  0.0000 0.00000 0.00000 0.00000 0.00000
 23.50       0 0.00000  0.0000 0.00000 0.00000 0.00000 0.00000
