  0.50    1177 0.02092  0.0247 38.62500 0.00037 0.00036 10.38299
  1.50    2455 0.02043  0.0449 39.80415 0.00038 0.00037 0.09035
  2.50    6405 0.02116  0.0796 38.21748 0.00040 0.00039 0.10619
  3.50    6221 0.02092  0.1131 38.69046 0.00039 0.00037 0.14812
  4.50    8919 0.02085  0.1389 38.89956 0.00039 0.00038 0.16819
  5.50   10275 0.02083  0.1682 38.90916 0.00040 0.00038 0.20268
  6.50   14259 0.02087  0.2017 38.86010 0.00040 0.00038 0.23187
  7.50   17194 0.02103  0.2361 38.50376 0.00040 0.00039 0.26934
  8.50   16243 0.02104  0.2674 38.51332 0.00041 0.00040 0.30569
  9.50   20135 0.02131  0.2991 37.89577 0.00040 0.00039 0.33561
 10.50   23540 0.02144  0.3327 37.66052 0.00041 0.00040 0.37143
 11.50   22813 0.02145  0.3661 37.63158 0.00042 0.00041 0.41012
 12.50   33674 0.02160  0.4041 37.32776 0.00042 0.00041 0.44396
 13.50   28537 0.02202  0.4389 36.51227 0.00043 0.00042 0.48726
 14.50   38664 0.02219  0.4783 36.16383 0.00044 0.00042 0.52455
 15.50   37979 0.02230  0.5186 35.95623 0.00044 0.00043 0.57042
 16.50   41502 0.02255  0.5572 35.50658 0.00045 0.00044 0.61210
 17.50   46183 0.02286  0.5984 34.92852 0.00046 0.00045 0.65675
 18.50   46319 0.02320  0.6385 34.32913 0.00047 0.00046 0.70181
 19.50   64699 0.02340  0.6833 33.99651 0.00048 0.00046 0.74484
 20.50   63844 0.02394  0.7349 33.07563 0.00049 0.00047 0.80353
 21.50   66929 0.02431  0.7843 32.47768 0.00050 0.00049 0.85850
 22.50   71689 0.02440  0.8341 32.35234 0.00051 0.00049 0.91268
 23.50   77714 0.02482  0.8868 31.69282 0.00052 0.00051 0.97118
