  0.50       0 0.00000  0.0000 0.00000 0.00000 0.00000 0.00000
  1.50       0 0.00000  0.0000 0.00000 0.00000 0.00000 0.00000
  2.50       0 0.00000  0.0000 0.00000 0.00000 0.00000 0.00000
  3.50       0 0.00000  0.0000 0.00000 0.00000 0.00000 0.00000
  4.50       0 0.00000  0.0000 0.00000 0.00000 0.00000 0.00000
  5.50    1509 0.15413  0.5794 -1.79370 0.00030 0.00053 0.92738
  6.50    6048 0.15207  0.6952 -0.74362 0.00052 0.00093 0.96835
  7.50   10560 0.14584  0.7875 0.46930 0.00072 0.00129 1.06987
  8.50    8667 0.13587  0.8996 1.19047 0.00061 0.00107 1.21299
  9.50    9508 0.12202  1.0164 2.45984 0.00051 0.00087 1.31811
 10.50    9095 0.10949  1.1245 3.86333 0.00040 0.00069 1.42643
 11.50    6597 0.09787  1.2300 5.36064 0.00030 0.00050 1.53545
 12.50    6579 0.08869  1.3251 6.77315 0.00020 0.00033 1.60145
 13.50    2580 0.07416  1.4456 9.85916 0.00009 0.00014 1.72818
 14.50     982 0.05835  1.5923 14.80223 0.00003 0.00004 1.83423
 15.50      34 0.05657  1.8526 27.06488 0.00001 0.00001 3.11498
 16.50       0 0.00000  0.0000 0.00000 0.00000 0.00000 0.00000
 17.50       0 0.00000  0.0000 0.00000 0.00000 0.00000 0.00000
 18.50       0 0.00000  0.0000 0.00000 0.00000 0.00000 0.00000
 19.50       0 0.00000  0.0000 0.00000 0.00000 0.00000 0.00000
 20.50       0 0.00000  0.0000 0.00000 0.00000 0.00000 0.00000
 21.50       0 0.00000  0.0000 0.00000 0.00000 0.00000 0.00000
 22.50       0 0.00000  0.0000 0.00000 0.00000 0.00000 0.00000
 23.50       0 0.00000  0.0000 0.00000 0.00000 0.00000 0.00000
