  0.50      23 0.01637  0.0317 91.87760 0.00001 0.00002 7.86420
  1.50      41 0.02360  0.0794 60.26660 0.00001 0.00002 0.14206
  2.50     108 0.02455  0.1020 57.70110 0.00001 0.00002 0.13362
  3.50     116 0.02213  0.1597 67.50952 0.00001 0.00002 0.20316
  4.50     171 0.02621  0.1850 55.52574 0.00001 0.00002 0.22597
  5.50     187 0.02258  0.2388 64.14945 0.00001 0.00002 0.28342
  6.50     273 0.02255  0.2605 65.33905 0.00001 0.00002 0.30056
  7.50     362 0.02551  0.3109 56.91452 0.00001 0.00002 0.35051
  8.50     308 0.02343  0.3585 62.38179 0.00001 0.00002 0.40596
  9.50     431 0.02451  0.4023 58.94029 0.00001 0.00002 0.44792
 10.50     510 0.02759  0.4451 50.62175 0.00001 0.00002 0.49398
 11.50     496 0.02807  0.4956 49.57138 0.00001 0.00002 0.55303
 12.50     730 0.02726  0.5478 52.94653 0.00001 0.00002 0.59921
 13.50     595 0.02629  0.6069 54.39274 0.00001 0.00002 0.67005
 14.50     880 0.02700  0.6516 53.62301 0.00001 0.00002 0.71348
 15.50     866 0.02724  0.7057 53.03065 0.00001 0.00002 0.77463
 16.50     931 0.02821  0.7632 49.71310 0.00001 0.00002 0.83400
 17.50    1087 0.03087  0.8359 43.92870 0.00001 0.00002 0.91299
 18.50    1084 0.03111  0.8933 43.89568 0.00001 0.00002 0.97970
 19.50    1446 0.03253  0.9496 41.83767 0.00001 0.00002 1.03347
 20.50    1419 0.03244  1.0385 41.50354 0.00001 0.00002 1.13438
 21.50    1452 0.03207  1.1090 42.20366 0.00001 0.00002 1.21100
 22.50    1434 0.03308  1.1689 40.22123 0.00001 0.00002 1.28283
 23.50    1477 0.03090  1.2595 44.35417 0.00001 0.00002 1.37875
