  0.50      80 0.03084  0.0420 39.07270 0.00004 0.00006 7.53747
  1.50     173 0.04029  0.0636 27.14375 0.00004 0.00006 0.14077
  2.50     470 0.03486  0.1194 33.58668 0.00004 0.00007 0.15480
  3.50     460 0.03440  0.1516 34.10546 0.00004 0.00006 0.20070
  4.50     668 0.03582  0.1917 32.28687 0.00004 0.00007 0.23797
  5.50     770 0.03575  0.2287 32.77300 0.00004 0.00007 0.27908
  6.50    1085 0.03547  0.2874 32.81917 0.00004 0.00007 0.33318
  7.50    1355 0.03610  0.3285 31.93408 0.00004 0.00007 0.37698
  8.50    1294 0.03644  0.3878 31.87143 0.00004 0.00007 0.44718
  9.50    1728 0.03684  0.4243 31.23569 0.00005 0.00008 0.48264
 10.50    2007 0.03714  0.4814 30.98788 0.00005 0.00008 0.54241
 11.50    1963 0.03759  0.5289 30.52170 0.00005 0.00008 0.60009
 12.50    2904 0.03828  0.5864 29.68348 0.00005 0.00008 0.65148
 13.50    2563 0.03883  0.6426 29.01191 0.00005 0.00008 0.72125
 14.50    3580 0.03982  0.7009 28.01138 0.00005 0.00008 0.77771
 15.50    3425 0.04110  0.7678 26.79537 0.00005 0.00008 0.85564
 16.50    3760 0.04069  0.8326 27.27575 0.00005 0.00008 0.92680
 17.50    4134 0.04196  0.8985 25.97679 0.00005 0.00008 0.99907
 18.50    4110 0.04257  0.9633 25.50158 0.00005 0.00008 1.07630
 19.50    5704 0.04205  1.0387 25.98039 0.00005 0.00008 1.14819
 20.50    5347 0.04247  1.1168 25.55989 0.00005 0.00008 1.24107
 21.50    5323 0.04233  1.1977 25.53322 0.00005 0.00007 1.33246
 22.50    5205 0.04290  1.2774 25.12254 0.00004 0.00007 1.42046
 23.50    5036 0.04241  1.3562 25.36845 0.00004 0.00006 1.50685
