  0.50     136 0.05355  0.0423 17.88310 0.00007 0.00011 6.36380
  1.50     290 0.04538  0.0846 23.36870 0.00008 0.00012 0.17724
  2.50     692 0.04650  0.1285 22.65202 0.00007 0.00011 0.17364
  3.50     721 0.04568  0.1730 23.30586 0.00007 0.00012 0.23551
  4.50    1102 0.04824  0.2321 21.41567 0.00008 0.00013 0.29178
  5.50    1237 0.04617  0.2828 22.82808 0.00008 0.00012 0.34889
  6.50    1782 0.04909  0.3377 20.80188 0.00008 0.00013 0.40086
  7.50    2219 0.04864  0.4040 21.12223 0.00008 0.00013 0.47090
  8.50    2106 0.04812  0.4567 21.49631 0.00008 0.00013 0.53808
  9.50    2715 0.04950  0.5192 20.59977 0.00008 0.00013 0.60111
 10.50    3230 0.04937  0.5804 20.71549 0.00009 0.00014 0.66623
 11.50    3181 0.04972  0.6413 20.49804 0.00009 0.00014 0.73958
 12.50    4686 0.05175  0.7088 19.19590 0.00009 0.00014 0.80311
 13.50    3980 0.05166  0.7827 19.31454 0.00009 0.00014 0.89722
 14.50    5321 0.05301  0.8543 18.49190 0.00008 0.00014 0.96842
 15.50    5264 0.05279  0.9372 18.60526 0.00008 0.00013 1.06518
 16.50    5592 0.05199  1.0134 19.01920 0.00008 0.00013 1.15094
 17.50    5958 0.05179  1.0871 19.09541 0.00008 0.00012 1.23333
 18.50    5553 0.05104  1.1636 19.58980 0.00007 0.00012 1.32096
 19.50    7176 0.05174  1.2531 19.02030 0.00007 0.00011 1.40983
 20.50    6025 0.05007  1.3494 19.94551 0.00006 0.00009 1.51958
 21.50    5349 0.04788  1.4506 21.38660 0.00005 0.00008 1.62893
 22.50    4509 0.04599  1.5541 22.43167 0.00004 0.00006 1.73984
 23.50    3330 0.04134  1.6752 26.17653 0.00003 0.00004 1.86283
