  0.50     588 0.08313  0.0582 7.08255 0.00043 0.00062 3.37099
  1.50    1254 0.08196  0.1153 7.39067 0.00046 0.00066 0.27605
  2.50    3162 0.08404  0.1925 6.95561 0.00046 0.00066 0.28049
  3.50    3226 0.08504  0.2813 6.75235 0.00046 0.00066 0.40690
  4.50    4544 0.08423  0.3437 6.90477 0.00045 0.00065 0.46534
  5.50    5363 0.08427  0.4220 6.90543 0.00045 0.00066 0.56170
  6.50    7625 0.08595  0.5026 6.56748 0.00046 0.00066 0.64459
  7.50    9520 0.08433  0.5960 6.90833 0.00046 0.00067 0.75077
  8.50    8923 0.08454  0.6808 6.84886 0.00045 0.00065 0.86392
  9.50   11285 0.08302  0.7566 7.13713 0.00044 0.00064 0.94148
 10.50   12778 0.08302  0.8557 7.08556 0.00042 0.00060 1.05335
 11.50   12003 0.08005  0.9429 7.72505 0.00040 0.00058 1.16163
 12.50   16467 0.07807  1.0362 8.07565 0.00037 0.00052 1.24858
 13.50   12608 0.07474  1.1362 8.80437 0.00032 0.00046 1.37780
 14.50   15689 0.07086  1.2224 9.71927 0.00029 0.00042 1.45743
 15.50   13492 0.06563  1.3184 11.20712 0.00025 0.00035 1.56555
 16.50   11691 0.05973  1.4264 13.05255 0.00020 0.00028 1.67621
 17.50    9326 0.05429  1.5397 15.10768 0.00014 0.00019 1.79034
 18.50    5536 0.04788  1.6725 18.11215 0.00008 0.00011 1.92565
 19.50    2993 0.04001  1.8521 23.45887 0.00003 0.00004 2.07645
 20.50     432 0.03230  2.0102 33.44734 0.00001 0.00001 2.27693
 21.50       0 0.00000  0.0000 0.00000 0.00000 0.00000 0.00000
 22.50       0 0.00000  0.0000 0.00000 0.00000 0.00000 0.00000
 23.50       0 0.00000  0.0000 0.00000 0.00000 0.00000 0.00000
