  0.50     642 0.13529  0.0766 1.23482 0.00062 0.00108 1.36866
  1.50    1357 0.13769  0.1520 1.05735 0.00064 0.00113 0.38548
  2.50    3434 0.13770  0.2504 1.05351 0.00064 0.00113 0.38731
  3.50    3445 0.13512  0.3489 1.27438 0.00063 0.00110 0.53951
  4.50    4732 0.13537  0.4305 1.19881 0.00060 0.00105 0.62115
  5.50    5627 0.13091  0.5194 1.64900 0.00060 0.00105 0.72812
  6.50    7492 0.13115  0.6236 1.57087 0.00056 0.00097 0.84051
  7.50    8485 0.12386  0.7254 2.25929 0.00051 0.00088 0.95311
  8.50    7795 0.11848  0.8207 2.84268 0.00048 0.00083 1.07954
  9.50    8797 0.10910  0.9278 3.92298 0.00041 0.00071 1.18251
 10.50    9168 0.10342  1.0261 4.66389 0.00036 0.00061 1.28589
 11.50    7751 0.09867  1.1290 5.27369 0.00031 0.00052 1.40807
 12.50    9125 0.09269  1.2377 6.14864 0.00024 0.00040 1.49669
 13.50    5697 0.08123  1.3366 8.34590 0.00017 0.00029 1.61394
 14.50    4769 0.07251  1.4541 10.32431 0.00010 0.00017 1.71360
 15.50    1862 0.06068  1.5819 14.28223 0.00004 0.00007 1.83347
 16.50     404 0.05048  1.7404 18.81756 0.00001 0.00002 2.02623
 17.50       0 0.00000  0.0000 0.00000 0.00000 0.00000 0.00000
 18.50       0 0.00000  0.0000 0.00000 0.00000 0.00000 0.00000
 19.50       0 0.00000  0.0000 0.00000 0.00000 0.00000 0.00000
 20.50       0 0.00000  0.0000 0.00000 0.00000 0.00000 0.00000
 21.50       0 0.00000  0.0000 0.00000 0.00000 0.00000 0.00000
 22.50       0 0.00000  0.0000 0.00000 0.00000 0.00000 0.00000
 23.50       0 0.00000  0.0000 0.00000 0.00000 0.00000 0.00000
