  0.50     467 0.02282  0.0150 44.29950 0.00018 0.00022 8.70576
  1.50     825 0.02167  0.0575 47.05665 0.00016 0.00019 0.12184
  2.50    2096 0.02309  0.0907 43.57722 0.00016 0.00019 0.12034
  3.50    2169 0.02199  0.1354 46.28944 0.00016 0.00020 0.17839
  4.50    3121 0.02248  0.1659 45.07721 0.00017 0.00020 0.20441
  5.50    3633 0.02273  0.1976 44.58976 0.00017 0.00021 0.23872
  6.50    4859 0.02285  0.2379 44.22874 0.00016 0.00020 0.27570
  7.50    5952 0.02318  0.2774 43.44921 0.00017 0.00020 0.31652
  8.50    5718 0.02298  0.3179 43.94251 0.00017 0.00021 0.36577
  9.50    7327 0.02338  0.3541 43.13169 0.00017 0.00021 0.39969
 10.50    8658 0.02417  0.3964 41.35617 0.00018 0.00022 0.44432
 11.50    8314 0.02356  0.4389 42.70593 0.00018 0.00022 0.49371
 12.50   12345 0.02428  0.4825 41.16318 0.00018 0.00022 0.53237
 13.50   10527 0.02482  0.5268 40.04949 0.00019 0.00023 0.58781
 14.50   14566 0.02543  0.5766 38.94822 0.00019 0.00023 0.63522
 15.50   14707 0.02557  0.6293 38.68905 0.00020 0.00024 0.69512
 16.50   15903 0.02603  0.6784 37.85159 0.00020 0.00024 0.74899
 17.50   18275 0.02625  0.7300 37.49620 0.00021 0.00025 0.80413
 18.50   17841 0.02688  0.7846 36.36114 0.00020 0.00025 0.86744
 19.50   25372 0.02752  0.8444 35.32640 0.00021 0.00026 0.92535
 20.50   25311 0.02785  0.9101 34.81651 0.00021 0.00026 1.00097
 21.50   26206 0.02865  0.9737 33.61412 0.00022 0.00027 1.07390
 22.50   28097 0.02917  1.0411 32.83417 0.00022 0.00027 1.14965
 23.50   29450 0.02956  1.1070 32.25682 0.00021 0.00026 1.22285
