  0.50   16161 0.03451  0.0292 3.26952 0.00577 0.00118 8.70506
  1.50   32261 0.03480  0.0642 3.21771 0.00575 0.00118 0.23874
  2.50   81176 0.03496  0.1148 3.19276 0.00576 0.00118 0.24439
  3.50   81657 0.03504  0.1542 3.18016 0.00576 0.00118 0.33130
  4.50  115540 0.03509  0.1968 3.17493 0.00578 0.00119 0.39289
  5.50  134770 0.03518  0.2394 3.17119 0.00585 0.00120 0.46754
  6.50  187718 0.03552  0.2833 3.11721 0.00586 0.00121 0.53383
  7.50  228027 0.03559  0.3320 3.11937 0.00594 0.00123 0.61653
  8.50  215970 0.03577  0.3808 3.10120 0.00601 0.00124 0.71436
  9.50  276754 0.03608  0.4250 3.06000 0.00606 0.00126 0.78674
 10.50  323975 0.03629  0.4765 3.04103 0.00614 0.00128 0.87622
 11.50  314891 0.03653  0.5278 3.01435 0.00621 0.00129 0.97878
 12.50  468756 0.03692  0.5823 2.96601 0.00629 0.00132 1.06323
 13.50  402827 0.03722  0.6410 2.93395 0.00637 0.00134 1.18862
 14.50  554215 0.03763  0.7018 2.88796 0.00648 0.00137 1.29103
 15.50  558231 0.03807  0.7665 2.84096 0.00659 0.00140 1.42245
 16.50  608400 0.03849  0.8321 2.79338 0.00668 0.00142 1.55197
 17.50  689398 0.03896  0.9010 2.74007 0.00677 0.00145 1.68671
 18.50  697314 0.03937  0.9703 2.69747 0.00687 0.00148 1.83097
 19.50  994094 0.03990  1.0545 2.64071 0.00698 0.00151 1.98459
 20.50  992314 0.04041  1.1466 2.58357 0.00706 0.00153 2.18026
 21.50 1050994 0.04090  1.2421 2.52854 0.00713 0.00156 2.38029
 22.50 1139846 0.04133  1.3387 2.47785 0.00717 0.00157 2.58165
 23.50 1234167 0.04169  1.4448 2.43211 0.00717 0.00158 2.80192
