  0.50       0 0.00000  0.0000 0.00000  0.0000 0.00000 0.00000
  1.50       0 0.00000  0.0000 0.00000  0.0000 0.00000 0.00000
  2.50       0 0.00000  0.0000 0.00000  0.0000 0.00000 0.00000
  3.50       0 0.00000  0.0000 0.00000  0.0000 0.00000 0.00000
  4.50       0 0.00000  0.0000 0.00000  0.0000 0.00000 0.00000
  5.50       0 0.00000  0.0000 0.00000  0.0000 0.00000 0.00000
  6.50      80 0.13894  0.4234 -4.53747 0.00092 0.00043 1.72926
  7.50   17773 0.12962  0.4769 -1.73811 0.01528 0.00674 1.81431
  8.50    2779 0.09918  0.9236 -2.50405 0.00396 0.00155 2.69259
  9.50       0 0.00000  0.0000 0.00000  0.0000 0.00000 0.00000
 10.50       0 0.00000  0.0000 0.00000  0.0000 0.00000 0.00000
 11.50       0 0.00000  0.0000 0.00000  0.0000 0.00000 0.00000
 12.50       0 0.00000  0.0000 0.00000  0.0000 0.00000 0.00000
 13.50       0 0.00000  0.0000 0.00000  0.0000 0.00000 0.00000
 14.50       0 0.00000  0.0000 0.00000  0.0000 0.00000 0.00000
 15.50       0 0.00000  0.0000 0.00000  0.0000 0.00000 0.00000
 16.50       0 0.00000  0.0000 0.00000  0.0000 0.00000 0.00000
 17.50       0 0.00000  0.0000 0.00000  0.0000 0.00000 0.00000
 18.50       0 0.00000  0.0000 0.00000  0.0000 0.00000 0.00000
 19.50       0 0.00000  0.0000 0.00000  0.0000 0.00000 0.00000
 20.50       0 0.00000  0.0000 0.00000  0.0000 0.00000 0.00000
 21.50       0 0.00000  0.0000 0.00000  0.0000 0.00000 0.00000
 22.50       0 0.00000  0.0000 0.00000  0.0000 0.00000 0.00000
 23.50       0 0.00000  0.0000 0.00000  0.0000 0.00000 0.00000
