  0.50     977 0.11502  0.0687 2.86902 0.00087 0.00131 1.70883
  1.50    1975 0.12100  0.1427 2.22254 0.00087 0.00132 0.35724
  2.50    5007 0.11575  0.2294 2.79661 0.00087 0.00131 0.35672
  3.50    5048 0.11693  0.3286 2.66142 0.00086 0.00129 0.50958
  4.50    7321 0.11515  0.4156 2.86030 0.00086 0.00130 0.59826
  5.50    8417 0.11332  0.5010 3.03677 0.00084 0.00126 0.70495
  6.50   11741 0.11180  0.5946 3.20199 0.00082 0.00123 0.80347
  7.50   13669 0.10875  0.6994 3.50718 0.00077 0.00115 0.92529
  8.50   12506 0.10414  0.7956 4.06077 0.00073 0.00108 1.05294
  9.50   14894 0.09922  0.8868 4.67649 0.00066 0.00098 1.14196
 10.50   15899 0.09365  0.9965 5.44665 0.00059 0.00087 1.26193
 11.50   13471 0.08906  1.0968 6.10835 0.00051 0.00074 1.38540
 12.50   17538 0.08502  1.1962 6.70885 0.00044 0.00063 1.46548
 13.50   12326 0.07837  1.2912 7.98621 0.00035 0.00051 1.58184
 14.50   12592 0.06975  1.4022 9.94729 0.00026 0.00037 1.67558
 15.50    7661 0.05972  1.5252 12.85430 0.00016 0.00022 1.79749
 16.50    3723 0.05012  1.6750 16.81745 0.00007 0.00010 1.93622
 17.50    1017 0.04216  1.8464 21.76924 0.00002 0.00002 2.08911
 18.50      29 0.02620  1.9809 39.18815 0.00001 0.00001 3.29384
 19.50       0 0.00000  0.0000 0.00000 0.00000 0.00000 0.00000
 20.50       0 0.00000  0.0000 0.00000 0.00000 0.00000 0.00000
 21.50       0 0.00000  0.0000 0.00000 0.00000 0.00000 0.00000
 22.50       0 0.00000  0.0000 0.00000 0.00000 0.00000 0.00000
 23.50       0 0.00000  0.0000 0.00000 0.00000 0.00000 0.00000
