  0.50      22 0.01567  0.0334 96.37810 0.00001 0.00002 8.16715
  1.50      41 0.02523  0.0743 55.74495 0.00001 0.00001 0.13778
  2.50      94 0.01971  0.0873 74.03228 0.00001 0.00001 0.11809
  3.50     109 0.02212  0.1565 66.17148 0.00001 0.00002 0.19785
  4.50     159 0.02503  0.1847 58.46383 0.00001 0.00002 0.22372
  5.50     172 0.02021  0.2235 72.86177 0.00001 0.00001 0.26461
  6.50     233 0.02038  0.2461 72.69414 0.00001 0.00002 0.28771
  7.50     343 0.02336  0.2971 64.44319 0.00001 0.00002 0.33567
  8.50     276 0.02107  0.3400 70.84788 0.00001 0.00002 0.38437
  9.50     383 0.02207  0.3879 68.31081 0.00001 0.00002 0.43004
 10.50     474 0.02443  0.4258 61.06388 0.00001 0.00002 0.47047
 11.50     451 0.02661  0.4710 53.70679 0.00001 0.00002 0.52380
 12.50     684 0.02373  0.5233 61.43165 0.00001 0.00002 0.56915
 13.50     547 0.02521  0.5829 56.88072 0.00001 0.00002 0.64205
 14.50     776 0.02472  0.6250 58.74511 0.00001 0.00002 0.68113
 15.50     776 0.02497  0.6831 58.34175 0.00001 0.00002 0.74795
 16.50     868 0.02586  0.7215 56.96850 0.00001 0.00002 0.78968
 17.50     985 0.02785  0.7928 50.12191 0.00001 0.00002 0.86246
 18.50     977 0.02881  0.8545 48.37643 0.00001 0.00002 0.93256
 19.50    1427 0.02969  0.9146 46.01911 0.00001 0.00002 0.99091
 20.50    1242 0.03072  0.9802 44.51499 0.00001 0.00002 1.06568
 21.50    1396 0.03099  1.0616 44.41496 0.00001 0.00002 1.15817
 22.50    1393 0.03027  1.1284 45.74951 0.00001 0.00002 1.22860
 23.50    1404 0.03072  1.1890 44.28032 0.00001 0.00002 1.29944
