  0.50     205 0.00778  0.0484 150.39000 0.00008 0.00010 8.31881
  1.50     374 0.00954  0.0840 123.13800 0.00008 0.00009 0.15287
  2.50    1001 0.00657  0.1141 201.96280 0.00008 0.00010 0.14519
  3.50     987 0.01147  0.1543 101.26852 0.00008 0.00010 0.19777
  4.50    1336 0.00885  0.1990 155.14851 0.00008 0.00009 0.23789
  5.50    1680 0.00953  0.2335 143.06518 0.00008 0.00010 0.27453
  6.50    2337 0.00921  0.2817 135.99598 0.00008 0.00010 0.31958
  7.50    2899 0.01154  0.3318 103.16655 0.00009 0.00011 0.37196
  8.50    2701 0.01133  0.3730 104.01309 0.00009 0.00011 0.42160
  9.50    3715 0.01058  0.4264 112.12129 0.00009 0.00011 0.47294
 10.50    4240 0.01170  0.4753 106.68216 0.00009 0.00011 0.52430
 11.50    4366 0.01293  0.5211 91.06539 0.00010 0.00012 0.57860
 12.50    6507 0.01243  0.5745 94.28862 0.00010 0.00012 0.62503
 13.50    5481 0.01504  0.6378 74.20758 0.00010 0.00012 0.70257
 14.50    8074 0.01486  0.6957 76.45850 0.00011 0.00013 0.75746
 15.50    8033 0.01559  0.7615 72.32751 0.00011 0.00013 0.83103
 16.50    9096 0.01626  0.8229 69.37218 0.00011 0.00014 0.89783
 17.50   10418 0.01706  0.8886 64.03274 0.00012 0.00015 0.96861
 18.50   10494 0.01809  0.9598 60.90434 0.00012 0.00015 1.05017
 19.50   15064 0.01948  1.0373 55.05480 0.00012 0.00015 1.12740
 20.50   14973 0.01967  1.1233 54.48053 0.00012 0.00015 1.22445
 21.50   15118 0.01983  1.2078 53.84346 0.00012 0.00015 1.31579
 22.50   15838 0.02054  1.2954 52.03545 0.00011 0.00014 1.41228
 23.50   16254 0.01997  1.3883 53.53590 0.00011 0.00014 1.51233
