  0.50    1323 0.02282  0.0200 34.94410 0.00044 0.00042 9.82861
  1.50    2792 0.02290  0.0555 34.84930 0.00046 0.00045 0.10999
  2.50    7169 0.02325  0.0834 34.25206 0.00047 0.00046 0.10727
  3.50    7039 0.02299  0.1190 34.69088 0.00046 0.00045 0.16647
  4.50   10007 0.02313  0.1466 34.45943 0.00047 0.00045 0.17827
  5.50   11532 0.02299  0.1780 34.71997 0.00047 0.00045 0.21445
  6.50   16165 0.02308  0.2154 34.56766 0.00047 0.00046 0.24918
  7.50   19400 0.02330  0.2492 34.17088 0.00048 0.00046 0.28455
  8.50   18199 0.02336  0.2837 34.07985 0.00048 0.00047 0.32582
  9.50   22805 0.02353  0.3190 33.77432 0.00048 0.00046 0.35939
 10.50   26792 0.02377  0.3538 33.37572 0.00049 0.00048 0.39691
 11.50   26048 0.02369  0.3916 33.53058 0.00050 0.00049 0.44063
 12.50   38403 0.02407  0.4294 32.89139 0.00050 0.00049 0.47444
 13.50   32506 0.02431  0.4706 32.50185 0.00051 0.00050 0.52493
 14.50   44195 0.02439  0.5110 32.38754 0.00052 0.00050 0.56335
 15.50   44103 0.02472  0.5549 31.86935 0.00053 0.00052 0.61392
 16.50   47708 0.02517  0.5982 31.18851 0.00054 0.00053 0.66171
 17.50   53445 0.02538  0.6411 30.86877 0.00055 0.00053 0.70756
 18.50   53245 0.02587  0.6850 30.16643 0.00056 0.00054 0.75812
 19.50   75265 0.02618  0.7362 29.74462 0.00057 0.00056 0.80819
 20.50   74620 0.02649  0.7911 29.32277 0.00058 0.00057 0.87055
 21.50   77932 0.02673  0.8476 29.00667 0.00059 0.00058 0.93366
 22.50   83889 0.02735  0.9040 28.19779 0.00060 0.00059 0.99707
 23.50   90195 0.02764  0.9610 27.83910 0.00061 0.00060 1.06066
