  0.50    1899 0.07929  0.0495 7.24900 0.00139 0.00184 3.30408
  1.50    3780 0.07930  0.1201 7.23719 0.00138 0.00182 0.28768
  2.50    9757 0.07880  0.1931 7.37626 0.00141 0.00185 0.28682
  3.50    9922 0.07957  0.2756 7.20078 0.00141 0.00185 0.41011
  4.50   14244 0.08050  0.3469 7.03429 0.00141 0.00186 0.48079
  5.50   17127 0.08037  0.4233 7.06544 0.00145 0.00191 0.57311
  6.50   24101 0.08074  0.5071 6.99068 0.00144 0.00190 0.66037
  7.50   29284 0.08016  0.6000 7.09136 0.00142 0.00187 0.76901
  8.50   27813 0.08007  0.6851 7.10884 0.00141 0.00185 0.88545
  9.50   34840 0.07930  0.7733 7.22959 0.00135 0.00178 0.97940
 10.50   39974 0.07738  0.8604 7.61471 0.00131 0.00172 1.07725
 11.50   37712 0.07676  0.9557 7.69067 0.00125 0.00164 1.19660
 12.50   52149 0.07512  1.0527 7.98285 0.00115 0.00150 1.28492
 13.50   40356 0.07327  1.1526 8.31659 0.00102 0.00133 1.41683
 14.50   49533 0.06909  1.2548 9.28501 0.00091 0.00117 1.51201
 15.50   41861 0.06410  1.3559 10.57615 0.00076 0.00098 1.62665
 16.50   36427 0.05851  1.4616 12.25484 0.00061 0.00077 1.73739
 17.50   29939 0.05323  1.5781 14.10534 0.00044 0.00056 1.85345
 18.50   18205 0.04661  1.7137 17.04760 0.00026 0.00033 1.99168
 19.50   10499 0.03946  1.8882 21.16717 0.00010 0.00013 2.14086
 20.50    1972 0.03117  2.0956 28.03833 0.00002 0.00003 2.34807
 21.50      42 0.01745  2.2767 59.94707 0.00000 0.00001 3.29968
 22.50       0 0.00000  0.0000 0.00000 0.00000 0.00000 0.00000
 23.50       0 0.00000  0.0000 0.00000 0.00000 0.00000 0.00000
