  0.50     341 0.02379  0.0226 39.85470 0.00013 0.00014 8.98242
  1.50     709 0.02563  0.0579 36.41755 0.00013 0.00015 0.11862
  2.50    1613 0.02564  0.0873 36.39022 0.00012 0.00014 0.11629
  3.50    1754 0.02472  0.1264 38.10336 0.00013 0.00015 0.16665
  4.50    2429 0.02537  0.1632 36.88586 0.00013 0.00015 0.19931
  5.50    2794 0.02478  0.1960 37.96084 0.00013 0.00015 0.23440
  6.50    3951 0.02595  0.2294 35.90868 0.00013 0.00015 0.26572
  7.50    4658 0.02537  0.2734 36.90618 0.00013 0.00015 0.31099
  8.50    4491 0.02574  0.3118 36.29915 0.00013 0.00015 0.35747
  9.50    5475 0.02584  0.3479 36.08478 0.00013 0.00015 0.39214
 10.50    6464 0.02611  0.3906 35.64248 0.00013 0.00015 0.43762
 11.50    6367 0.02615  0.4238 35.64693 0.00013 0.00016 0.47698
 12.50    9269 0.02675  0.4701 34.60584 0.00013 0.00015 0.51948
 13.50    7975 0.02708  0.5128 34.13910 0.00014 0.00016 0.57283
 14.50   10733 0.02712  0.5605 34.03794 0.00014 0.00016 0.61784
 15.50   10800 0.02790  0.6109 32.91586 0.00014 0.00016 0.67592
 16.50   11908 0.02797  0.6567 32.82359 0.00015 0.00017 0.72560
 17.50   13044 0.02806  0.7070 32.67179 0.00014 0.00017 0.77956
 18.50   13120 0.02877  0.7563 31.66115 0.00015 0.00017 0.83686
 19.50   18427 0.02867  0.8176 31.84342 0.00015 0.00017 0.89596
 20.50   18018 0.02941  0.8791 30.80556 0.00015 0.00017 0.96760
 21.50   19053 0.03015  0.9405 29.88026 0.00015 0.00018 1.03790
 22.50   20090 0.03027  1.0051 29.72634 0.00015 0.00018 1.10970
 23.50   21585 0.03100  1.0672 28.82623 0.00015 0.00018 1.18054
