  0.50     195 0.15807  0.0616 -0.28814 0.00020 0.00039 0.73281
  1.50     378 0.16262  0.1450 -0.67051 0.00019 0.00038 0.38924
  2.50    1009 0.15269  0.2587 0.15044 0.00020 0.00039 0.40440
  3.50     958 0.14797  0.3605 0.48612 0.00019 0.00036 0.56028
  4.50    1474 0.14510  0.4532 0.80637 0.00020 0.00038 0.65246
  5.50    1493 0.13940  0.5383 1.20505 0.00017 0.00033 0.75578
  6.50    2145 0.13630  0.6483 1.53849 0.00017 0.00032 0.86573
  7.50    2433 0.12793  0.7546 2.33640 0.00016 0.00029 0.98456
  8.50    2065 0.12084  0.8591 3.05518 0.00014 0.00025 1.11644
  9.50    2391 0.11217  0.9681 4.10778 0.00012 0.00022 1.22029
 10.50    2342 0.10498  1.0582 5.07629 0.00010 0.00018 1.31127
 11.50    1814 0.09846  1.1584 6.05081 0.00008 0.00014 1.43094
 12.50    2069 0.08296  1.2379 9.25435 0.00006 0.00011 1.47114
 13.50    1170 0.06887  1.3436 13.48686 0.00004 0.00007 1.58870
 14.50     705 0.05631  1.4710 18.97103 0.00002 0.00003 1.68510
 15.50      33 0.05709  1.5925 16.98275 0.00001 0.00002 2.71426
 16.50       0 0.00000  0.0000 0.00000 0.00000 0.00000 0.00000
 17.50       0 0.00000  0.0000 0.00000 0.00000 0.00000 0.00000
 18.50       0 0.00000  0.0000 0.00000 0.00000 0.00000 0.00000
 19.50       0 0.00000  0.0000 0.00000 0.00000 0.00000 0.00000
 20.50       0 0.00000  0.0000 0.00000 0.00000 0.00000 0.00000
 21.50       0 0.00000  0.0000 0.00000 0.00000 0.00000 0.00000
 22.50       0 0.00000  0.0000 0.00000 0.00000 0.00000 0.00000
 23.50       0 0.00000  0.0000 0.00000 0.00000 0.00000 0.00000
