  0.50    5390 0.03171  0.0317 12.02740 0.00210 0.00002 1.41108
  1.50   10684 0.03126  0.0705 12.26115 0.00208 0.00001 0.16346
  2.50   27146 0.03129  0.1033 12.25724 0.00211 0.00000 0.15067
  3.50   27257 0.03190  0.1494 11.92638 0.00211 0.00000 0.21673
  4.50   38529 0.03189  0.1884 11.93446 0.00211 0.00000 0.25427
  5.50   44678 0.03207  0.2273 11.84750 0.00213 0.00000 0.30121
  6.50   63167 0.03230  0.2734 11.73832 0.00216 0.00000 0.34803
  7.50   76818 0.03204  0.3188 11.90025 0.00220 0.00000 0.39985
  8.50   72337 0.03211  0.3657 11.86600 0.00221 0.00000 0.46205
  9.50   92851 0.03187  0.4092 12.01383 0.00224 0.00000 0.50867
 10.50  109399 0.03130  0.4576 12.33892 0.00229 0.00000 0.56486
 11.50  105990 0.03144  0.5065 12.26741 0.00231 0.00000 0.62899
 12.50  158590 0.03171  0.5589 12.13972 0.00235 0.00000 0.68152
 13.50  137102 0.03230  0.6165 11.84218 0.00240 0.00000 0.76189
 14.50  187250 0.03254  0.6744 11.73246 0.00243 0.00000 0.82370
 15.50  189170 0.03315  0.7377 11.44350 0.00248 0.00000 0.90596
 16.50  206607 0.03355  0.7998 11.25960 0.00252 0.00000 0.98396
 17.50  234098 0.03395  0.8652 11.08663 0.00256 0.00000 1.06419
 18.50  238105 0.03458  0.9331 10.81057 0.00262 0.00000 1.15389
 19.50  336509 0.03513  1.0112 10.57421 0.00264 0.00000 1.24186
 20.50  333096 0.03555  1.0960 10.39247 0.00266 0.00000 1.35393
 21.50  349702 0.03603  1.1848 10.19164 0.00267 0.00000 1.46928
 22.50  373784 0.03650  1.2726 9.98785 0.00265 0.00000 1.58305
 23.50  396362 0.03678  1.3647 9.86068 0.00261 0.00000 1.70153
