  0.50     801 0.09752  0.0579 4.92416 0.00067 0.00098 2.30611
  1.50    1663 0.10332  0.1347 4.12404 0.00069 0.00102 0.32910
  2.50    4350 0.10332  0.2210 4.14035 0.00071 0.00105 0.33421
  3.50    4139 0.10267  0.3076 4.15822 0.00066 0.00098 0.46646
  4.50    6324 0.10334  0.3948 4.13667 0.00070 0.00104 0.55589
  5.50    7131 0.10100  0.4721 4.41654 0.00067 0.00099 0.65058
  6.50   10285 0.10114  0.5662 4.41659 0.00068 0.00100 0.75086
  7.50   12147 0.09794  0.6631 4.85092 0.00065 0.00096 0.86090
  8.50   11227 0.09632  0.7562 5.05688 0.00062 0.00091 0.98703
  9.50   13871 0.09197  0.8471 5.72370 0.00059 0.00086 1.07869
 10.50   14999 0.08881  0.9465 6.20040 0.00053 0.00078 1.18842
 11.50   13202 0.08618  1.0459 6.57267 0.00047 0.00069 1.31173
 12.50   17330 0.08340  1.1444 6.99578 0.00041 0.00060 1.39581
 13.50   13175 0.07970  1.2392 7.68934 0.00036 0.00052 1.51873
 14.50   14388 0.07108  1.3364 9.67438 0.00029 0.00041 1.59750
 15.50   10532 0.06319  1.4524 11.83856 0.00021 0.00029 1.72185
 16.50    6780 0.05490  1.5815 14.74300 0.00012 0.00017 1.84376
 17.50    3394 0.04679  1.7257 18.52828 0.00005 0.00007 1.97869
 18.50     790 0.03924  1.9004 23.00628 0.00001 0.00002 2.15239
 19.50      23 0.02302  2.0351 46.47600 0.00000 0.00001 3.36410
 20.50       0 0.00000  0.0000 0.00000 0.00000 0.00000 0.00000
 21.50       0 0.00000  0.0000 0.00000 0.00000 0.00000 0.00000
 22.50       0 0.00000  0.0000 0.00000 0.00000 0.00000 0.00000
 23.50       0 0.00000  0.0000 0.00000 0.00000 0.00000 0.00000
