  0.50     115 0.10408  0.0620 5.13128 0.00010 0.00018 2.67741
  1.50     228 0.10032  0.1341 5.77623 0.00009 0.00017 0.32064
  2.50     584 0.10354  0.2083 5.27560 0.00010 0.00017 0.30506
  3.50     561 0.10504  0.3289 4.98357 0.00009 0.00016 0.47570
  4.50     903 0.10378  0.3818 5.25913 0.00010 0.00018 0.51616
  5.50    1006 0.09891  0.4584 6.09539 0.00010 0.00017 0.60294
  6.50    1419 0.10450  0.5481 5.09102 0.00009 0.00017 0.69821
  7.50    1629 0.09786  0.6557 6.29520 0.00009 0.00016 0.81502
  8.50    1582 0.10149  0.7367 5.55176 0.00009 0.00016 0.92556
  9.50    1971 0.09356  0.8238 7.14405 0.00008 0.00015 1.00941
 10.50    2124 0.09186  0.9279 7.34618 0.00008 0.00014 1.12459
 11.50    1879 0.08689  1.0119 8.39026 0.00007 0.00012 1.22608
 12.50    2443 0.07965  1.1024 10.17053 0.00006 0.00011 1.30097
 13.50    1774 0.07663  1.2013 10.89032 0.00005 0.00009 1.43262
 14.50    1934 0.06708  1.2914 14.02336 0.00004 0.00007 1.49689
 15.50    1361 0.05840  1.3846 17.99074 0.00003 0.00005 1.59545
 16.50     851 0.05116  1.5304 21.91161 0.00002 0.00003 1.74092
 17.50     282 0.03960  1.6296 32.13067 0.00001 0.00001 1.87157
 18.50      11 0.04902  1.7894 21.35850 0.00000 0.00001 4.12639
 19.50       0 0.00000  0.0000 0.00000 0.00000 0.00000 0.00000
 20.50       0 0.00000  0.0000 0.00000 0.00000 0.00000 0.00000
 21.50       0 0.00000  0.0000 0.00000 0.00000 0.00000 0.00000
 22.50       0 0.00000  0.0000 0.00000 0.00000 0.00000 0.00000
 23.50       0 0.00000  0.0000 0.00000 0.00000 0.00000 0.00000
