  0.50   45164 0.15394  0.0654 0.01027 0.04694 0.00000 0.12507
  1.50   90942 0.15260  0.1582 0.05209 0.04678 0.00000 0.66786
  2.50  228142 0.15165  0.2599 0.06734 0.04598 0.00000 0.70177
  3.50  229929 0.14977  0.3654 0.11018 0.04498 0.00000 0.80171
  4.50  320917 0.14713  0.4620 0.16722 0.04334 0.00000 0.92303
  5.50  365682 0.14333  0.5593 0.26498 0.04155 0.00003 1.13749
  6.50  489809 0.13750  0.6758 0.41350 0.03842 0.00003 1.34289
  7.50  550467 0.12998  0.8071 0.61455 0.03431 0.00003 1.53711
  8.50  479068 0.12172  0.9437 0.86859 0.03022 0.00002 1.75225
  9.50  548475 0.11301  1.0819 1.16253 0.02585 0.00002 1.90499
 10.50  554650 0.10327  1.2367 1.54997 0.02138 0.00001 2.08072
 11.50  451541 0.09333  1.3879 2.02299 0.01720 0.00001 2.26087
 12.50  531277 0.08301  1.5588 2.61633 0.01302 0.00000 2.39299
 13.50  323071 0.07150  1.7352 3.44946 0.00886 0.00000 2.57477
 14.50  267706 0.06016  1.9168 4.50988 0.00518 0.00000 2.67889
 15.50  113123 0.04910  2.1105 5.77611 0.00211 0.00000 2.81283
 16.50   31610 0.03884  2.3034 7.39660 0.00053 0.00000 2.91767
 17.50    4475 0.02875  2.5147 10.84032 0.00006 0.00000 3.01581
 18.50     130 0.02339  2.7777 13.27503 0.00001 0.00000 3.15203
 19.50       0 0.00000  0.0000 0.00000 0.00000 0.00000 0.00000
 20.50       0 0.00000  0.0000 0.00000 0.00000 0.00000 0.00000
 21.50       0 0.00000  0.0000 0.00000 0.00000 0.00000 0.00000
 22.50       0 0.00000  0.0000 0.00000 0.00000 0.00000 0.00000
 23.50       0 0.00000  0.0000 0.00000 0.00000 0.00000 0.00000
