  0.50    3532 0.05169  0.0381 12.09580 0.00184 0.00187 6.11298
  1.50    7173 0.05152  0.0848 12.17295 0.00186 0.00189 0.19061
  2.50   17951 0.05238  0.1392 11.85070 0.00185 0.00188 0.19751
  3.50   18191 0.05210  0.1938 11.95376 0.00186 0.00189 0.27002
  4.50   26248 0.05300  0.2476 11.64390 0.00190 0.00193 0.32449
  5.50   30344 0.05272  0.3035 11.74034 0.00189 0.00192 0.39018
  6.50   42756 0.05322  0.3584 11.56544 0.00191 0.00194 0.44384
  7.50   52362 0.05361  0.4252 11.43875 0.00193 0.00197 0.52108
  8.50   50244 0.05379  0.4859 11.39052 0.00196 0.00200 0.59962
  9.50   65017 0.05443  0.5484 11.17742 0.00198 0.00202 0.66648
 10.50   76597 0.05507  0.6173 10.96699 0.00200 0.00204 0.74499
 11.50   75298 0.05508  0.6839 10.97702 0.00202 0.00206 0.82924
 12.50  113097 0.05532  0.7592 10.90623 0.00204 0.00208 0.90538
 13.50   96886 0.05564  0.8380 10.79652 0.00204 0.00208 1.00931
 14.50  131750 0.05553  0.9203 10.82460 0.00202 0.00206 1.09569
 15.50  130129 0.05539  1.0065 10.85895 0.00199 0.00203 1.20083
 16.50  138072 0.05515  1.0944 10.92148 0.00194 0.00198 1.30432
 17.50  151175 0.05428  1.1808 11.19220 0.00188 0.00192 1.40223
 18.50  145422 0.05337  1.2728 11.47073 0.00180 0.00183 1.51164
 19.50  190429 0.05185  1.3734 11.96200 0.00167 0.00169 1.61308
 20.50  170932 0.04986  1.4883 12.64467 0.00150 0.00152 1.74449
 21.50  157446 0.04730  1.6015 13.61087 0.00132 0.00133 1.86877
 22.50  142829 0.04457  1.7180 14.73923 0.00110 0.00111 1.99329
 23.50  119649 0.04125  1.8485 16.30039 0.00085 0.00085 2.12980
