  0.50    3031 0.04480  0.0324 14.88250 0.00146 0.00146 6.70071
  1.50    6135 0.04496  0.0806 14.81355 0.00147 0.00148 0.18963
  2.50   15500 0.04564  0.1300 14.48694 0.00148 0.00149 0.18048
  3.50   15843 0.04542  0.1758 14.60446 0.00150 0.00151 0.24430
  4.50   22206 0.04598  0.2276 14.32789 0.00149 0.00150 0.29127
  5.50   25931 0.04638  0.2762 14.14875 0.00150 0.00151 0.35132
  6.50   36916 0.04657  0.3298 14.08101 0.00153 0.00154 0.40098
  7.50   44586 0.04643  0.3873 14.14923 0.00154 0.00155 0.46661
  8.50   42298 0.04711  0.4447 13.83882 0.00155 0.00156 0.53971
  9.50   55223 0.04731  0.4981 13.77323 0.00158 0.00160 0.59549
 10.50   65163 0.04795  0.5608 13.50198 0.00161 0.00162 0.66601
 11.50   62957 0.04841  0.6224 13.30248 0.00161 0.00162 0.74375
 12.50   95593 0.04874  0.6898 13.18065 0.00164 0.00166 0.80925
 13.50   82725 0.04908  0.7629 13.05199 0.00166 0.00168 0.90397
 14.50  112528 0.04909  0.8346 13.04236 0.00166 0.00168 0.97819
 15.50  112765 0.04960  0.9136 12.83339 0.00167 0.00169 1.07527
 16.50  121203 0.04958  0.9918 12.83214 0.00165 0.00167 1.16572
 17.50  134386 0.04972  1.0732 12.76996 0.00163 0.00165 1.25954
 18.50  132022 0.04946  1.1551 12.85825 0.00160 0.00162 1.35799
 19.50  179306 0.04858  1.2494 13.19766 0.00154 0.00155 1.45389
 20.50  167933 0.04786  1.3506 13.46338 0.00145 0.00147 1.57368
 21.50  162417 0.04632  1.4521 14.08868 0.00134 0.00135 1.68776
 22.50  159794 0.04494  1.5533 14.66029 0.00122 0.00123 1.80052
 23.50  150328 0.04295  1.6631 15.55937 0.00106 0.00107 1.91970
