  0.50    1244 0.02158  0.0242 37.30630 0.00040 0.00039 10.10853
  1.50    2629 0.02133  0.0492 37.87305 0.00042 0.00041 0.09465
  2.50    6801 0.02238  0.0811 35.79336 0.00043 0.00042 0.10740
  3.50    6563 0.02178  0.1144 36.94568 0.00042 0.00041 0.15433
  4.50    9483 0.02199  0.1436 36.54006 0.00043 0.00042 0.17356
  5.50   10862 0.02195  0.1726 36.63436 0.00043 0.00042 0.20905
  6.50   15172 0.02192  0.2078 36.70916 0.00043 0.00042 0.23940
  7.50   18274 0.02219  0.2430 36.18118 0.00044 0.00043 0.27718
  8.50   17124 0.02229  0.2748 36.00707 0.00044 0.00043 0.31504
  9.50   21439 0.02241  0.3096 35.74364 0.00044 0.00043 0.34779
 10.50   25151 0.02238  0.3421 35.84188 0.00045 0.00044 0.38224
 11.50   24420 0.02257  0.3790 35.48870 0.00046 0.00044 0.42574
 12.50   36017 0.02288  0.4158 34.92067 0.00046 0.00045 0.45830
 13.50   30307 0.02315  0.4553 34.42985 0.00047 0.00045 0.50690
 14.50   41243 0.02321  0.4938 34.33082 0.00047 0.00046 0.54272
 15.50   41051 0.02357  0.5360 33.71168 0.00048 0.00047 0.59132
 16.50   44209 0.02368  0.5768 33.52751 0.00049 0.00048 0.63539
 17.50   49742 0.02406  0.6199 32.89649 0.00050 0.00049 0.68212
 18.50   49653 0.02447  0.6603 32.22873 0.00051 0.00050 0.72805
 19.50   69644 0.02474  0.7088 31.81344 0.00052 0.00051 0.77530
 20.50   69185 0.02514  0.7626 31.23198 0.00053 0.00052 0.83612
 21.50   71977 0.02558  0.8144 30.56705 0.00054 0.00053 0.89428
 22.50   77620 0.02569  0.8675 30.42779 0.00055 0.00054 0.95283
 23.50   83566 0.02628  0.9239 29.58172 0.00056 0.00055 1.01573
