  0.50      41 0.01116  0.0472 113.84100 0.00001 0.00002 9.73938
  1.50      98 0.01882  0.0645 65.11105 0.00002 0.00002 0.12222
  2.50     210 0.01552  0.0879 79.60542 0.00001 0.00002 0.11726
  3.50     235 0.01329  0.1244 103.54218 0.00002 0.00002 0.15858
  4.50     320 0.01289  0.1499 108.36281 0.00002 0.00002 0.18019
  5.50     330 0.01280  0.1854 104.65325 0.00001 0.00002 0.21858
  6.50     526 0.01407  0.2112 96.04191 0.00002 0.00002 0.24198
  7.50     681 0.01640  0.2465 76.68804 0.00002 0.00002 0.27916
  8.50     618 0.01564  0.2929 81.68231 0.00002 0.00002 0.33003
  9.50     799 0.01533  0.3270 89.31505 0.00002 0.00002 0.36152
 10.50     965 0.01624  0.3605 79.20589 0.00002 0.00003 0.39672
 11.50     902 0.01525  0.3935 87.03821 0.00002 0.00002 0.43443
 12.50    1377 0.01885  0.4395 68.79610 0.00002 0.00003 0.47723
 13.50    1253 0.01710  0.4733 82.18263 0.00002 0.00003 0.51868
 14.50    1671 0.01713  0.5197 84.31108 0.00002 0.00003 0.56125
 15.50    1619 0.01688  0.5595 76.63932 0.00002 0.00003 0.60612
 16.50    1937 0.01747  0.6076 71.39236 0.00002 0.00003 0.65976
 17.50    2222 0.01785  0.6520 69.47763 0.00002 0.00003 0.70583
 18.50    2243 0.01927  0.7018 63.56235 0.00002 0.00003 0.75929
 19.50    3229 0.02003  0.7478 61.20024 0.00002 0.00004 0.80149
 20.50    3174 0.02052  0.8035 59.19495 0.00003 0.00004 0.86407
 21.50    3438 0.02173  0.8624 54.99328 0.00003 0.00004 0.92973
 22.50    3745 0.02256  0.9214 52.27200 0.00003 0.00004 0.99424
 23.50    4051 0.02198  0.9738 53.46364 0.00003 0.00004 1.05047
