  0.50      65 0.00500  0.0260 241.96000 0.00002 0.00003 9.45928
  1.50     127 0.00500  0.0554 246.05200 0.00002 0.00003 0.11049
  2.50     319 0.00500  0.0972 245.22360 0.00002 0.00003 0.11999
  3.50     346 0.00500  0.1435 245.06660 0.00002 0.00003 0.17491
  4.50     465 0.00500  0.1583 244.33371 0.00002 0.00003 0.18586
  5.50     554 0.00500  0.2009 245.22562 0.00002 0.00003 0.23141
  6.50     779 0.00500  0.2383 245.00955 0.00002 0.00003 0.26613
  7.50     929 0.00500  0.2804 245.14315 0.00002 0.00003 0.30770
  8.50     861 0.00500  0.3140 244.96642 0.00002 0.00003 0.34612
  9.50    1198 0.00531  0.3608 237.00320 0.00003 0.00003 0.39190
 10.50    1391 0.00500  0.4050 245.37359 0.00003 0.00003 0.43530
 11.50    1392 0.00500  0.4392 245.22381 0.00003 0.00003 0.47445
 12.50    2138 0.00512  0.4809 241.26848 0.00003 0.00004 0.51072
 13.50    1880 0.00500  0.5290 245.94584 0.00003 0.00004 0.56816
 14.50    2582 0.00500  0.5747 245.78904 0.00003 0.00004 0.61018
 15.50    2625 0.00500  0.6260 246.11004 0.00003 0.00004 0.66795
 16.50    2942 0.00540  0.6796 233.65448 0.00003 0.00004 0.72276
 17.50    3526 0.00516  0.7271 240.60833 0.00004 0.00005 0.77168
 18.50    3664 0.00570  0.7755 228.61645 0.00004 0.00005 0.82750
 19.50    5397 0.00542  0.8389 233.04531 0.00004 0.00005 0.88658
 20.50    5352 0.00527  0.9085 236.92130 0.00004 0.00005 0.96152
 21.50    5862 0.00577  0.9721 224.27022 0.00004 0.00005 1.03154
 22.50    6417 0.00705  1.0393 195.32439 0.00005 0.00006 1.10666
 23.50    7038 0.00766  1.1049 176.47761 0.00005 0.00006 1.17851
