  0.50      58 0.04071  0.0422 30.69350 0.00004 0.00006 5.00520
  1.50     119 0.06055  0.1320 16.69605 0.00004 0.00006 0.25473
  2.50     272 0.05986  0.1656 16.98416 0.00003 0.00006 0.22320
  3.50     276 0.05613  0.2228 19.04714 0.00003 0.00006 0.30116
  4.50     424 0.05596  0.2966 19.14360 0.00004 0.00006 0.37357
  5.50     477 0.05888  0.3376 17.85949 0.00004 0.00006 0.42242
  6.50     753 0.05754  0.4180 18.60195 0.00004 0.00007 0.49942
  7.50     889 0.05829  0.4880 17.98928 0.00004 0.00007 0.57580
  8.50     852 0.06004  0.5556 17.36649 0.00004 0.00007 0.66254
  9.50    1074 0.05745  0.6230 18.43090 0.00004 0.00007 0.72941
 10.50    1264 0.06073  0.7070 16.90362 0.00004 0.00007 0.82244
 11.50    1259 0.05779  0.7805 18.38400 0.00004 0.00007 0.90827
 12.50    1820 0.06080  0.8509 16.68568 0.00004 0.00007 0.97598
 13.50    1536 0.05943  0.9417 17.59835 0.00004 0.00006 1.09061
 14.50    1946 0.05917  1.0272 17.53831 0.00003 0.00006 1.17467
 15.50    1879 0.05578  1.1067 19.29843 0.00003 0.00006 1.26548
 16.50    1734 0.05270  1.1881 21.49680 0.00003 0.00005 1.35555
 17.50    1718 0.05131  1.2873 22.07951 0.00002 0.00004 1.46130
 18.50    1457 0.05169  1.3663 21.63449 0.00002 0.00004 1.55467
 19.50    1534 0.04351  1.4601 28.07047 0.00002 0.00003 1.62563
 20.50     897 0.04089  1.6130 30.67054 0.00001 0.00002 1.79406
 21.50     350 0.03078  1.7749 46.57136 0.00000 0.00001 1.96989
 22.50      10 0.03117  1.9181 41.13250 0.00000 0.00000 4.27863
 23.50       0 0.00000  0.0000 0.00000 0.00000 0.00000 0.00000
