  0.50      47 0.03455  0.0607 38.00670 0.00003 0.00005 5.37602
  1.50     101 0.05330  0.0950 20.43180 0.00003 0.00005 0.20636
  2.50     248 0.05442  0.1555 19.90058 0.00003 0.00005 0.20811
  3.50     243 0.04916  0.2158 23.20870 0.00003 0.00005 0.28756
  4.50     374 0.05071  0.2781 22.15186 0.00003 0.00005 0.34927
  5.50     429 0.04955  0.3160 23.32229 0.00003 0.00005 0.39080
  6.50     655 0.05141  0.3915 21.84182 0.00003 0.00006 0.46426
  7.50     804 0.05267  0.4690 21.25028 0.00003 0.00006 0.54895
  8.50     742 0.05334  0.5248 20.86822 0.00003 0.00006 0.62091
  9.50     982 0.05252  0.5901 21.11387 0.00003 0.00006 0.68601
 10.50    1136 0.05496  0.6639 19.75605 0.00003 0.00006 0.76684
 11.50    1058 0.05464  0.7389 20.13170 0.00003 0.00006 0.85562
 12.50    1695 0.05433  0.8080 20.13284 0.00003 0.00006 0.91826
 13.50    1381 0.05477  0.8935 19.85092 0.00003 0.00006 1.02674
 14.50    1849 0.05520  0.9798 19.76338 0.00003 0.00006 1.11379
 15.50    1736 0.05452  1.0567 19.88602 0.00003 0.00005 1.20589
 16.50    1794 0.05176  1.1360 21.69666 0.00003 0.00005 1.29137
 17.50    1679 0.04856  1.2225 24.12738 0.00002 0.00004 1.38293
 18.50    1550 0.04863  1.3067 23.81968 0.00002 0.00004 1.48388
 19.50    1779 0.04556  1.3935 26.74506 0.00002 0.00003 1.55559
 20.50    1254 0.04108  1.4967 30.42909 0.00001 0.00002 1.66485
 21.50     745 0.03619  1.6810 36.86353 0.00001 0.00001 1.85299
 22.50     307 0.03036  1.7733 59.78010 0.00000 0.00001 1.98457
 23.50      10 0.03466  2.0697 35.47050 0.00000 0.00000 4.47045
