  0.50   31903 0.05201  0.0402 2.05708 0.01476 0.00359 8.22405
  1.50   63298 0.05224  0.0857 2.02527 0.01460 0.00356 0.38912
  2.50  160877 0.05217  0.1441 2.04155 0.01474 0.00359 0.38389
  3.50  163058 0.05246  0.2028 2.01946 0.01479 0.00362 0.54214
  4.50  232972 0.05251  0.2565 2.02393 0.01492 0.00365 0.63681
  5.50  272034 0.05269  0.3113 2.01436 0.01503 0.00368 0.75813
  6.50  382847 0.05305  0.3738 1.98681 0.01509 0.00371 0.87672
  7.50  467316 0.05329  0.4409 1.97487 0.01522 0.00375 1.02096
  8.50  446805 0.05378  0.5058 1.94351 0.01538 0.00381 1.18776
  9.50  578236 0.05411  0.5728 1.92179 0.01548 0.00384 1.32487
 10.50  684242 0.05445  0.6423 1.90550 0.01568 0.00391 1.47969
 11.50  670015 0.05499  0.7154 1.86576 0.01577 0.00395 1.66696
 12.50 1010623 0.05542  0.7988 1.83865 0.01589 0.00400 1.83196
 13.50  877215 0.05585  0.8889 1.80837 0.01597 0.00403 2.07185
 14.50 1209636 0.05634  0.9819 1.76984 0.01598 0.00405 2.27009
 15.50 1217832 0.05663  1.0824 1.74390 0.01594 0.00405 2.52043
 16.50 1328303 0.05689  1.1881 1.71646 0.01584 0.00404 2.77378
 17.50 1487427 0.05699  1.2989 1.69121 0.01556 0.00397 3.03203
 18.50 1480357 0.05702  1.4152 1.66551 0.01521 0.00388 3.31565
 19.50 2033779 0.05680  1.5546 1.63905 0.01455 0.00371 3.59865
 20.50 1943886 0.05621  1.7131 1.62874 0.01374 0.00348 3.95280
 21.50 1934446 0.05528  1.8785 1.62868 0.01275 0.00320 4.29747
 22.50 1947061 0.05407  2.0580 1.63415 0.01158 0.00288 4.64501
 23.50 1926974 0.05258  2.2553 1.64881 0.01033 0.00253 5.00876
