  0.50     448 0.02159  0.0359 48.43570 0.00021 0.00026 7.16290
  1.50     923 0.02396  0.0766 43.06405 0.00021 0.00027 0.15807
  2.50    2250 0.02584  0.1215 39.18390 0.00021 0.00026 0.16040
  3.50    2198 0.02465  0.1827 42.69508 0.00020 0.00025 0.23820
  4.50    3280 0.02423  0.2257 42.34406 0.00021 0.00027 0.27701
  5.50    3785 0.02565  0.2754 39.35540 0.00021 0.00027 0.33221
  6.50    5542 0.02421  0.3263 42.68075 0.00022 0.00028 0.37887
  7.50    6754 0.02628  0.3863 38.29512 0.00022 0.00029 0.44355
  8.50    6575 0.02573  0.4391 39.66591 0.00023 0.00030 0.50766
  9.50    8407 0.02609  0.4936 38.68313 0.00023 0.00030 0.56128
 10.50   10056 0.02733  0.5552 36.55925 0.00024 0.00030 0.62795
 11.50    9929 0.02851  0.6136 34.49003 0.00024 0.00031 0.69775
 12.50   15154 0.02798  0.6824 35.52905 0.00025 0.00032 0.76127
 13.50   13256 0.02978  0.7526 32.73754 0.00026 0.00033 0.84973
 14.50   18640 0.02960  0.8240 33.00916 0.00027 0.00034 0.91895
 15.50   18841 0.03059  0.9057 31.62105 0.00027 0.00034 1.01395
 16.50   20249 0.03056  0.9825 31.58588 0.00027 0.00034 1.09955
 17.50   22154 0.03155  1.0686 30.32933 0.00026 0.00033 1.19414
 18.50   21539 0.03132  1.1507 30.57197 0.00025 0.00032 1.28746
 19.50   28719 0.03159  1.2471 30.16922 0.00024 0.00030 1.38307
 20.50   26210 0.03184  1.3526 29.82031 0.00022 0.00028 1.50488
 21.50   24521 0.03104  1.4587 30.75217 0.00019 0.00025 1.62139
 22.50   22924 0.02963  1.5678 32.67318 0.00017 0.00021 1.73713
 23.50   20469 0.02844  1.6874 34.32972 0.00014 0.00018 1.86568
