  0.50       0 0.00000  0.0000 0.00000 0.00000 0.00000 0.00000
  1.50       0 0.00000  0.0000 0.00000 0.00000 0.00000 0.00000
  2.50       0 0.00000  0.0000 0.00000 0.00000 0.00000 0.00000
  3.50       0 0.00000  0.0000 0.00000 0.00000 0.00000 0.00000
  4.50       0 0.00000  0.0000 0.00000 0.00000 0.00000 0.00000
  5.50      56 0.03758  0.2844 15.33400 0.00002 0.00002 0.30508
  6.50     221 0.04999  0.1486 10.14834 0.00003 0.00003 0.20381
  7.50    4108 0.08916  0.3650 5.81895 0.00038 0.00045 0.69405
  8.50   90735 0.14173  1.0271 0.37195 0.00822 0.00973 1.56818
  9.50  121782 0.11743  1.1535 2.12216 0.00832 0.00949 1.63995
 10.50   94726 0.09364  1.2829 4.10986 0.00536 0.00588 1.71764
 11.50   45589 0.07378  1.4090 6.45445 0.00258 0.00274 1.81294
 12.50   16784 0.05799  1.5612 8.83015 0.00062 0.00064 1.92422
 13.50     863 0.04239  1.7110 13.05601 0.00004 0.00004 1.90069
 14.50       0 0.00000  0.0000 0.00000 0.00000 0.00000 0.00000
 15.50       0 0.00000  0.0000 0.00000 0.00000 0.00000 0.00000
 16.50       0 0.00000  0.0000 0.00000 0.00000 0.00000 0.00000
 17.50       0 0.00000  0.0000 0.00000 0.00000 0.00000 0.00000
 18.50       0 0.00000  0.0000 0.00000 0.00000 0.00000 0.00000
 19.50       0 0.00000  0.0000 0.00000 0.00000 0.00000 0.00000
 20.50       0 0.00000  0.0000 0.00000 0.00000 0.00000 0.00000
 21.50       0 0.00000  0.0000 0.00000 0.00000 0.00000 0.00000
 22.50       0 0.00000  0.0000 0.00000 0.00000 0.00000 0.00000
 23.50       0 0.00000  0.0000 0.00000 0.00000 0.00000 0.00000
