  0.50    9373 0.04536  0.0390 7.55433 0.00468 0.00003 1.13828
  1.50   19149 0.04563  0.0830 7.50130 0.00477 0.00002 0.22186
  2.50   48047 0.04552  0.1424 7.52712 0.00476 0.00001 0.22323
  3.50   49107 0.04593  0.1983 7.42904 0.00482 0.00001 0.31203
  4.50   69820 0.04609  0.2520 7.38976 0.00484 0.00000 0.36800
  5.50   81687 0.04620  0.3044 7.36986 0.00488 0.00000 0.43552
  6.50  115962 0.04652  0.3646 7.29955 0.00495 0.00000 0.50161
  7.50  141371 0.04692  0.4311 7.20092 0.00499 0.00000 0.58492
  8.50  135098 0.04725  0.4941 7.12768 0.00505 0.00000 0.67719
  9.50  175961 0.04792  0.5581 6.97172 0.00512 0.00000 0.75335
 10.50  207097 0.04826  0.6282 6.89573 0.00516 0.00000 0.84256
 11.50  203836 0.04872  0.6975 6.79553 0.00522 0.00000 0.94283
 12.50  306680 0.04920  0.7793 6.68786 0.00526 0.00000 1.03431
 13.50  265890 0.04969  0.8655 6.57810 0.00529 0.00000 1.16424
 14.50  365645 0.04991  0.9498 6.53024 0.00530 0.00000 1.26338
 15.50  366513 0.05020  1.0463 6.45754 0.00527 0.00000 1.39844
 16.50  393934 0.05032  1.1399 6.41613 0.00519 0.00000 1.52433
 17.50  433067 0.05033  1.2377 6.38387 0.00504 0.00000 1.65235
 18.50  423684 0.04996  1.3385 6.43679 0.00487 0.00000 1.78933
 19.50  566452 0.04915  1.4545 6.56676 0.00458 0.00000 1.92049
 20.50  524947 0.04792  1.5835 6.79297 0.00424 0.00000 2.08690
 21.50  500113 0.04642  1.7118 7.07420 0.00382 0.00000 2.24522
 22.50  478250 0.04469  1.8423 7.41892 0.00335 0.00000 2.40035
 23.50  441638 0.04253  1.9869 7.89330 0.00284 0.00000 2.56493
