  0.50     114 0.01580  0.0268 74.63190 0.00004 0.00005 10.16679
  1.50     224 0.01635  0.0511 71.73285 0.00004 0.00005 0.10001
  2.50     543 0.01803  0.0839 64.96670 0.00003 0.00005 0.10624
  3.50     542 0.01662  0.1094 70.76954 0.00003 0.00005 0.13942
  4.50     784 0.01755  0.1410 66.61391 0.00004 0.00005 0.16873
  5.50     868 0.01742  0.1599 66.96159 0.00003 0.00005 0.19001
  6.50    1300 0.01625  0.1870 72.95684 0.00004 0.00005 0.21377
  7.50    1364 0.01747  0.2275 66.87132 0.00003 0.00004 0.25430
  8.50    1366 0.01743  0.2548 66.93003 0.00004 0.00005 0.28727
  9.50    1775 0.01797  0.2863 64.75652 0.00004 0.00005 0.31664
 10.50    2123 0.01756  0.3164 66.47185 0.00004 0.00005 0.34704
 11.50    1953 0.01707  0.3530 68.68473 0.00004 0.00005 0.38827
 12.50    2866 0.01782  0.3855 65.29685 0.00004 0.00005 0.41615
 13.50    2576 0.01786  0.4212 65.17278 0.00004 0.00005 0.45974
 14.50    3336 0.01791  0.4551 65.17841 0.00004 0.00005 0.49007
 15.50    3258 0.01819  0.4958 63.93666 0.00004 0.00005 0.53565
 16.50    3461 0.01852  0.5267 62.50720 0.00004 0.00005 0.56915
 17.50    3900 0.01854  0.5704 62.56304 0.00004 0.00005 0.61482
 18.50    4042 0.01903  0.6034 60.59982 0.00004 0.00006 0.65231
 19.50    5605 0.01960  0.6494 58.53868 0.00004 0.00006 0.69382
 20.50    5531 0.02011  0.6951 56.78427 0.00004 0.00006 0.74470
 21.50    5620 0.02058  0.7453 55.46719 0.00004 0.00006 0.80003
 22.50    6131 0.02064  0.7892 55.20063 0.00005 0.00006 0.84680
 23.50    6552 0.02107  0.8357 53.79502 0.00005 0.00006 0.89711
