  0.50  101325 0.12209  0.0681 0.48910 0.09025 0.03815 6.42173
  1.50  202459 0.12186  0.1490 0.48624 0.08939 0.03773 1.28317
  2.50  511919 0.12189  0.2479 0.47748 0.08869 0.03744 1.23525
  3.50  521780 0.12142  0.3465 0.48318 0.08803 0.03705 1.72035
  4.50  744395 0.12062  0.4416 0.49249 0.08684 0.03637 2.01756
  5.50  866565 0.11956  0.5400 0.50279 0.08508 0.03539 2.39347
  6.50 1209562 0.11758  0.6499 0.52780 0.08230 0.03380 2.72350
  7.50 1444963 0.11495  0.7730 0.55978 0.07850 0.03169 3.12264
  8.50 1330253 0.11170  0.8933 0.59897 0.07378 0.02915 3.54994
  9.50 1643394 0.10811  1.0194 0.63998 0.06847 0.02640 3.86495
 10.50 1805614 0.10360  1.1662 0.68865 0.06171 0.02305 4.23452
 11.50 1617751 0.09869  1.3199 0.74033 0.05450 0.01965 4.63325
 12.50 2141636 0.09291  1.5110 0.79096 0.04593 0.01587 4.95146
 13.50 1555866 0.08623  1.7333 0.84335 0.03657 0.01200 5.42847
 14.50 1707327 0.07876  2.0044 0.89927 0.02733 0.00846 5.77948
 15.50 1224095 0.06972  2.3583 0.96114 0.01787 0.00513 6.22868
 16.50  841490 0.05929  2.7894 1.08495 0.01022 0.00268 6.56302
 17.50  495826 0.04793  3.2634 1.31562 0.00485 0.00115 6.69245
 18.50  199684 0.03683  3.6734 1.70791 0.00181 0.00038 6.56428
 19.50   70613 0.02539  4.0197 2.66432 0.00044 0.00008 6.12907
 20.50    6889 0.01406  4.5677 7.55189 0.00004 0.00001 6.11303
 21.50      29 0.00500  4.4347 25.33735 0.00000 0.00000 6.20099
 22.50       0 0.00000  0.0000 0.00000  0.0000 0.00000 0.00000
 23.50       0 0.00000  0.0000 0.00000  0.0000 0.00000 0.00000
