  0.50    6397 0.08600  0.0565 4.96702 0.00470 0.00507 3.24620
  1.50   12969 0.08419  0.1238 5.24456 0.00473 0.00510 0.29330
  2.50   32634 0.08475  0.1993 5.15325 0.00470 0.00507 0.30243
  3.50   33270 0.08467  0.2798 5.16701 0.00471 0.00508 0.43507
  4.50   47804 0.08492  0.3544 5.13496 0.00473 0.00510 0.50835
  5.50   56252 0.08505  0.4269 5.12021 0.00475 0.00513 0.59942
  6.50   79429 0.08488  0.5126 5.14129 0.00472 0.00509 0.69386
  7.50   97198 0.08468  0.6062 5.16536 0.00470 0.00507 0.81097
  8.50   91811 0.08425  0.6956 5.21403 0.00462 0.00497 0.93290
  9.50  117246 0.08287  0.7841 5.40835 0.00452 0.00486 1.03246
 10.50  134603 0.08091  0.8786 5.69056 0.00437 0.00468 1.14406
 11.50  126043 0.07883  0.9722 5.99169 0.00415 0.00443 1.26446
 12.50  178952 0.07647  1.0804 6.33819 0.00388 0.00413 1.37233
 13.50  143413 0.07300  1.1877 6.91845 0.00357 0.00378 1.51054
 14.50  177847 0.06912  1.2996 7.61256 0.00319 0.00335 1.61959
 15.50  155323 0.06411  1.4201 8.64271 0.00274 0.00285 1.75327
 16.50  140522 0.06031  1.5431 9.46167 0.00225 0.00232 1.88009
 17.50  120532 0.05681  1.6690 10.23442 0.00169 0.00173 2.00364
 18.50   78750 0.05014  1.8193 12.18316 0.00108 0.00109 2.15940
 19.50   50775 0.04231  2.0000 15.09995 0.00048 0.00048 2.31272
 20.50   11744 0.03492  2.2109 18.73083 0.00011 0.00011 2.52895
 21.50    1161 0.02502  2.3705 30.35864 0.00001 0.00001 2.69354
 22.50       0 0.00000  0.0000 0.00000 0.00000 0.00000 0.00000
 23.50       0 0.00000  0.0000 0.00000 0.00000 0.00000 0.00000
