  0.50      20 0.01420  0.0281 107.47600 0.00001 0.00001 8.65745
  1.50      29 0.01902  0.0436 79.38330 0.00001 0.00001 0.11246
  2.50      90 0.01817  0.0861 83.46614 0.00001 0.00001 0.11444
  3.50      85 0.01909  0.1457 78.10502 0.00001 0.00001 0.18599
  4.50     144 0.02027  0.1758 72.94753 0.00001 0.00001 0.21014
  5.50     140 0.01929  0.2111 79.88674 0.00001 0.00001 0.24999
  6.50     215 0.01777  0.2362 85.27338 0.00001 0.00001 0.27286
  7.50     272 0.01792  0.2701 85.03437 0.00001 0.00001 0.30612
  8.50     259 0.02008  0.3152 75.27294 0.00001 0.00001 0.35812
  9.50     314 0.01918  0.3598 79.63882 0.00001 0.00001 0.39686
 10.50     388 0.01869  0.3884 81.40365 0.00001 0.00001 0.42529
 11.50     380 0.02169  0.4408 68.12139 0.00001 0.00001 0.48691
 12.50     563 0.02244  0.4791 65.74241 0.00001 0.00002 0.51978
 13.50     508 0.01984  0.5286 76.62418 0.00001 0.00002 0.57777
 14.50     619 0.02204  0.5785 67.90850 0.00001 0.00001 0.62638
 15.50     663 0.02241  0.6283 66.10351 0.00001 0.00002 0.68326
 16.50     721 0.02075  0.6719 72.84738 0.00001 0.00002 0.73082
 17.50     816 0.02222  0.7207 66.82257 0.00001 0.00002 0.78413
 18.50     801 0.02100  0.7686 71.35964 0.00001 0.00002 0.83357
 19.50    1158 0.02608  0.8350 54.31614 0.00001 0.00002 0.89843
 20.50    1171 0.02654  0.8958 53.60985 0.00001 0.00002 0.96754
 21.50    1152 0.02780  0.9670 51.39646 0.00001 0.00002 1.04669
 22.50    1210 0.02720  1.0256 51.92653 0.00001 0.00002 1.11001
 23.50    1263 0.02720  1.0939 52.43788 0.00001 0.00002 1.18346
