  0.50     116 0.01897  0.0316 63.17210 0.00005 0.00006 8.60909
  1.50     211 0.02707  0.0630 42.18350 0.00004 0.00006 0.14022
  2.50     500 0.02370  0.0969 51.31082 0.00004 0.00006 0.12665
  3.50     541 0.02265  0.1366 51.62180 0.00004 0.00006 0.18020
  4.50     715 0.02264  0.1719 50.97659 0.00004 0.00006 0.21188
  5.50     888 0.02302  0.2113 50.32306 0.00004 0.00006 0.25423
  6.50    1264 0.02503  0.2528 46.01448 0.00004 0.00006 0.29208
  7.50    1500 0.02530  0.2969 44.94208 0.00004 0.00006 0.33718
  8.50    1385 0.02515  0.3431 45.15473 0.00004 0.00006 0.39303
  9.50    1873 0.02507  0.3837 45.43867 0.00005 0.00006 0.43181
 10.50    2239 0.02578  0.4273 44.04589 0.00005 0.00007 0.47696
 11.50    2147 0.02507  0.4670 45.34262 0.00005 0.00007 0.52353
 12.50    3200 0.02656  0.5173 42.70571 0.00005 0.00007 0.56974
 13.50    2812 0.02629  0.5684 43.36143 0.00005 0.00007 0.63235
 14.50    4012 0.02722  0.6257 41.48803 0.00005 0.00008 0.68634
 15.50    4098 0.02823  0.6791 39.07180 0.00006 0.00008 0.74744
 16.50    4255 0.02771  0.7327 40.16282 0.00005 0.00008 0.80519
 17.50    5118 0.02941  0.7898 37.14277 0.00006 0.00008 0.86839
 18.50    5109 0.03009  0.8530 35.99568 0.00006 0.00008 0.94056
 19.50    7301 0.03112  0.9179 34.50576 0.00006 0.00009 1.00309
 20.50    7280 0.03052  0.9905 35.57117 0.00006 0.00009 1.08575
 21.50    7652 0.03092  1.0655 34.83618 0.00006 0.00009 1.17034
 22.50    8180 0.03120  1.1303 34.35592 0.00006 0.00009 1.24239
 23.50    8387 0.03167  1.2114 33.85969 0.00006 0.00009 1.33067
