  0.50     276 0.01887  0.0162 52.05230 0.00009 0.00010 10.46013
  1.50     497 0.01820  0.0525 54.37005 0.00008 0.00009 0.10343
  2.50    1269 0.01914  0.0789 51.23070 0.00008 0.00009 0.10237
  3.50    1259 0.01900  0.1101 51.60342 0.00008 0.00009 0.14069
  4.50    1780 0.01910  0.1326 51.48074 0.00008 0.00009 0.16002
  5.50    2116 0.01858  0.1614 52.97353 0.00008 0.00009 0.19115
  6.50    2960 0.01852  0.1905 53.44923 0.00008 0.00009 0.21745
  7.50    3468 0.01936  0.2265 50.60577 0.00008 0.00009 0.25472
  8.50    3242 0.01933  0.2589 50.70325 0.00008 0.00009 0.29255
  9.50    4151 0.01924  0.2887 50.92989 0.00008 0.00010 0.32109
 10.50    4746 0.01929  0.3189 50.87425 0.00008 0.00010 0.35189
 11.50    4561 0.01937  0.3539 50.57914 0.00008 0.00010 0.39235
 12.50    6578 0.01950  0.3803 50.15303 0.00008 0.00010 0.41392
 13.50    5734 0.01964  0.4205 49.79337 0.00009 0.00010 0.46192
 14.50    7639 0.01983  0.4557 49.25266 0.00009 0.00010 0.49469
 15.50    7640 0.02046  0.4947 47.44987 0.00009 0.00010 0.53924
 16.50    8070 0.02022  0.5307 48.20898 0.00009 0.00010 0.57725
 17.50    8802 0.02004  0.5656 48.69002 0.00009 0.00010 0.61317
 18.50    9126 0.02083  0.6029 46.60737 0.00009 0.00011 0.65525
 19.50   12714 0.02125  0.6513 45.45236 0.00010 0.00011 0.70132
 20.50   12543 0.02186  0.6980 43.99977 0.00010 0.00011 0.75425
 21.50   12830 0.02161  0.7429 44.56602 0.00010 0.00011 0.80292
 22.50   13824 0.02203  0.7892 43.60742 0.00010 0.00011 0.85310
 23.50   14494 0.02224  0.8392 43.06615 0.00010 0.00011 0.90759
