  0.50      32 0.00711  0.0044 184.78800 0.00001 0.00001 10.47522
  1.50      55 0.01633  0.0542 75.64770 0.00001 0.00001 0.10828
  2.50     134 0.01218  0.0870 147.79670 0.00001 0.00001 0.11034
  3.50     123 0.01293  0.1154 133.99808 0.00001 0.00001 0.14684
  4.50     186 0.00943  0.1320 170.84963 0.00001 0.00001 0.15770
  5.50     219 0.01056  0.1783 155.40450 0.00001 0.00001 0.20849
  6.50     284 0.00877  0.1947 192.25108 0.00001 0.00001 0.22164
  7.50     387 0.01122  0.2168 138.00923 0.00001 0.00001 0.24587
  8.50     362 0.00904  0.2625 172.53062 0.00001 0.00001 0.29804
  9.50     525 0.00961  0.2964 159.56548 0.00001 0.00001 0.32662
 10.50     599 0.01136  0.3274 133.64569 0.00001 0.00001 0.35780
 11.50     526 0.01203  0.3661 115.80393 0.00001 0.00001 0.40126
 12.50     797 0.01110  0.3900 137.91622 0.00001 0.00001 0.41872
 13.50     664 0.01203  0.4409 134.75269 0.00001 0.00001 0.47856
 14.50     981 0.01409  0.4725 105.56224 0.00001 0.00002 0.50763
 15.50    1000 0.01234  0.5090 121.39527 0.00001 0.00002 0.54683
 16.50    1065 0.01388  0.5484 104.39063 0.00001 0.00002 0.58983
 17.50    1335 0.01271  0.5839 112.44594 0.00001 0.00002 0.62660
 18.50    1292 0.01181  0.6309 127.16565 0.00001 0.00002 0.67820
 19.50    1814 0.01272  0.6700 113.52433 0.00001 0.00002 0.71540
 20.50    1955 0.01462  0.7231 89.28273 0.00001 0.00002 0.77269
 21.50    2072 0.01632  0.7705 78.04724 0.00002 0.00002 0.82251
 22.50    2257 0.01630  0.8163 79.51371 0.00002 0.00002 0.87137
 23.50    2451 0.01742  0.8731 72.93886 0.00002 0.00002 0.93288
