  0.50      29 0.02459  0.0251 57.37650 0.00001 0.00002 7.26373
  1.50      42 0.02726  0.0631 54.09400 0.00001 0.00002 0.14409
  2.50     134 0.02951  0.1215 47.79888 0.00001 0.00002 0.15689
  3.50     140 0.02709  0.1809 51.83774 0.00001 0.00002 0.23085
  4.50     198 0.03106  0.1991 44.32654 0.00001 0.00002 0.24438
  5.50     223 0.02454  0.2477 59.65724 0.00001 0.00002 0.29640
  6.50     345 0.02904  0.2815 48.48606 0.00001 0.00002 0.32525
  7.50     410 0.02860  0.3375 48.37048 0.00001 0.00002 0.38179
  8.50     388 0.02960  0.4001 46.70731 0.00001 0.00002 0.45690
  9.50     496 0.03019  0.4341 45.17023 0.00001 0.00002 0.48742
 10.50     633 0.03247  0.4916 41.51852 0.00002 0.00003 0.54960
 11.50     605 0.03119  0.5356 43.82968 0.00002 0.00003 0.60225
 12.50     857 0.03131  0.6104 43.59416 0.00001 0.00003 0.67238
 13.50     758 0.03124  0.6524 44.60818 0.00002 0.00003 0.72683
 14.50    1009 0.03235  0.7122 42.30884 0.00002 0.00003 0.78443
 15.50    1101 0.03407  0.7786 38.61128 0.00002 0.00003 0.85876
 16.50    1151 0.03589  0.8596 36.24876 0.00002 0.00003 0.94849
 17.50    1270 0.03560  0.9068 36.91400 0.00002 0.00003 0.99889
 18.50    1252 0.03755  0.9736 34.34779 0.00002 0.00003 1.07999
 19.50    1723 0.03608  1.0602 36.29305 0.00002 0.00003 1.16189
 20.50    1584 0.03603  1.1382 35.95926 0.00001 0.00003 1.25197
 21.50    1548 0.03566  1.2171 36.46233 0.00001 0.00002 1.34305
 22.50    1471 0.03284  1.2802 41.32831 0.00001 0.00002 1.40950
 23.50    1442 0.03191  1.3670 42.93504 0.00001 0.00002 1.50494
