  0.50     531 0.02114  0.0437 49.91160 0.00026 0.00032 6.86258
  1.50    1068 0.02808  0.0762 35.31775 0.00026 0.00033 0.16318
  2.50    2801 0.02859  0.1278 34.36398 0.00027 0.00034 0.16947
  3.50    2778 0.02912  0.1892 33.54608 0.00026 0.00033 0.24917
  4.50    4191 0.02825  0.2349 34.97653 0.00028 0.00036 0.29036
  5.50    4711 0.02809  0.2864 35.37117 0.00027 0.00035 0.34704
  6.50    6855 0.02961  0.3378 32.95067 0.00028 0.00036 0.39586
  7.50    8308 0.03034  0.4021 31.94944 0.00028 0.00036 0.46494
  8.50    8067 0.02996  0.4569 32.60417 0.00029 0.00038 0.53153
  9.50   10362 0.03020  0.5181 32.34333 0.00029 0.00038 0.59299
 10.50   12532 0.03206  0.5826 29.75686 0.00031 0.00039 0.66402
 11.50   12310 0.03159  0.6450 30.34120 0.00031 0.00040 0.73633
 12.50   18610 0.03336  0.7114 28.21360 0.00032 0.00041 0.80078
 13.50   16395 0.03342  0.7881 28.07416 0.00033 0.00042 0.89540
 14.50   22718 0.03341  0.8641 28.15624 0.00033 0.00042 0.97021
 15.50   22396 0.03424  0.9478 27.22827 0.00033 0.00042 1.06816
 16.50   23842 0.03508  1.0313 26.38464 0.00032 0.00041 1.16230
 17.50   26108 0.03515  1.1181 26.27709 0.00031 0.00040 1.25674
 18.50   24916 0.03514  1.2071 26.24405 0.00029 0.00038 1.35907
 19.50   32324 0.03461  1.3072 26.72070 0.00027 0.00035 1.45860
 20.50   28394 0.03458  1.4193 26.63400 0.00024 0.00031 1.58620
 21.50   25938 0.03272  1.5330 28.69059 0.00021 0.00026 1.70815
 22.50   23399 0.03154  1.6491 30.10691 0.00017 0.00022 1.83404
 23.50   19111 0.02889  1.7670 33.59633 0.00013 0.00016 1.95674
