  0.50    2083 0.13812  0.0619 0.82501 0.00200 0.00323 1.27445
  1.50    4050 0.14020  0.1563 0.61433 0.00192 0.00311 0.39620
  2.50   10499 0.13857  0.2442 0.76927 0.00196 0.00317 0.38812
  3.50   10672 0.13772  0.3466 0.83373 0.00194 0.00313 0.54964
  4.50   14849 0.13576  0.4357 0.96431 0.00187 0.00301 0.64177
  5.50   17161 0.13202  0.5190 1.28183 0.00183 0.00294 0.74445
  6.50   23210 0.12887  0.6225 1.52114 0.00172 0.00275 0.85434
  7.50   26663 0.12363  0.7301 1.97483 0.00159 0.00253 0.97820
  8.50   23443 0.11783  0.8329 2.51283 0.00144 0.00228 1.11433
  9.50   27400 0.11059  0.9395 3.25737 0.00128 0.00200 1.21883
 10.50   27965 0.10337  1.0451 4.08598 0.00109 0.00170 1.32975
 11.50   22785 0.09457  1.1542 5.28522 0.00090 0.00138 1.45838
 12.50   27218 0.08910  1.2665 6.02218 0.00071 0.00108 1.54983
 13.50   16306 0.08182  1.3965 7.17697 0.00048 0.00073 1.70391
 14.50   13241 0.07136  1.5247 9.37705 0.00028 0.00042 1.80675
 15.50    5299 0.06030  1.6822 12.33632 0.00011 0.00016 1.96483
 16.50    1192 0.05237  1.8235 15.48193 0.00002 0.00003 2.10561
 17.50      34 0.06168  1.9563 9.22960 0.00001 0.00001 3.45267
 18.50       0 0.00000  0.0000 0.00000 0.00000 0.00000 0.00000
 19.50       0 0.00000  0.0000 0.00000 0.00000 0.00000 0.00000
 20.50       0 0.00000  0.0000 0.00000 0.00000 0.00000 0.00000
 21.50       0 0.00000  0.0000 0.00000 0.00000 0.00000 0.00000
 22.50       0 0.00000  0.0000 0.00000 0.00000 0.00000 0.00000
 23.50       0 0.00000  0.0000 0.00000 0.00000 0.00000 0.00000
