  0.50      33 0.02478  0.0273 57.10870 0.00002 0.00003 6.39170
  1.50      73 0.03710  0.0950 34.57615 0.00002 0.00003 0.18724
  2.50     176 0.03711  0.1492 34.37702 0.00002 0.00003 0.19079
  3.50     183 0.03885  0.1877 32.48088 0.00002 0.00003 0.24500
  4.50     272 0.03978  0.2261 31.85596 0.00002 0.00003 0.28136
  5.50     286 0.03372  0.2899 39.36070 0.00002 0.00003 0.34840
  6.50     468 0.03931  0.3226 32.80945 0.00002 0.00004 0.37728
  7.50     552 0.03835  0.3990 33.61168 0.00002 0.00004 0.45769
  8.50     561 0.04073  0.4536 30.79476 0.00002 0.00004 0.52582
  9.50     701 0.04075  0.5036 30.95541 0.00002 0.00004 0.57471
 10.50     799 0.04056  0.5688 30.97788 0.00002 0.00004 0.64542
 11.50     793 0.03992  0.6297 31.60450 0.00002 0.00004 0.71606
 12.50    1161 0.04146  0.6950 30.03282 0.00002 0.00004 0.77598
 13.50    1062 0.04191  0.7595 29.45807 0.00002 0.00004 0.85684
 14.50    1426 0.04390  0.8351 27.37357 0.00002 0.00004 0.93238
 15.50    1392 0.04406  0.9060 27.29883 0.00002 0.00004 1.01397
 16.50    1483 0.04564  0.9823 26.18234 0.00002 0.00004 1.10380
 17.50    1601 0.04345  1.0562 27.94384 0.00002 0.00004 1.17972
 18.50    1503 0.04407  1.1324 27.21885 0.00002 0.00003 1.27116
 19.50    1936 0.04036  1.2155 31.05686 0.00002 0.00003 1.34691
 20.50    1612 0.03947  1.3030 32.44372 0.00002 0.00003 1.44896
 21.50    1531 0.03844  1.3929 33.13963 0.00001 0.00002 1.54639
 22.50    1318 0.03557  1.4857 37.93274 0.00001 0.00002 1.63865
 23.50     911 0.03380  1.6077 41.30623 0.00001 0.00001 1.76759
