  0.50    1134 0.13786  0.0740 0.89712 0.00109 0.00168 1.01023
  1.50    2375 0.13627  0.1447 1.06628 0.00113 0.00174 0.38019
  2.50    5982 0.13251  0.2447 1.37527 0.00112 0.00172 0.39040
  3.50    6092 0.13124  0.3511 1.48674 0.00111 0.00170 0.55768
  4.50    8610 0.13139  0.4340 1.45018 0.00108 0.00166 0.64329
  5.50    9701 0.12737  0.5253 1.78330 0.00103 0.00158 0.75729
  6.50   13434 0.12466  0.6261 1.99310 0.00100 0.00151 0.86438
  7.50   15414 0.11797  0.7304 2.61798 0.00092 0.00139 0.98289
  8.50   13678 0.11297  0.8339 3.07907 0.00084 0.00126 1.11998
  9.50   16020 0.10634  0.9371 3.79607 0.00075 0.00112 1.21956
 10.50   16146 0.09887  1.0436 4.69521 0.00063 0.00093 1.33373
 11.50   13714 0.09138  1.1493 5.74943 0.00054 0.00079 1.45823
 12.50   17023 0.08410  1.2446 6.92549 0.00045 0.00065 1.52864
 13.50   10814 0.07697  1.3504 8.21666 0.00033 0.00047 1.65394
 14.50    9530 0.06557  1.4671 11.05947 0.00021 0.00029 1.74091
 15.50    4318 0.05541  1.6084 14.15235 0.00009 0.00013 1.87991
 16.50    1186 0.04471  1.7767 19.87312 0.00002 0.00003 2.02787
 17.50      73 0.03343  1.9357 31.71722 0.00001 0.00001 2.52368
 18.50       0 0.00000  0.0000 0.00000 0.00000 0.00000 0.00000
 19.50       0 0.00000  0.0000 0.00000 0.00000 0.00000 0.00000
 20.50       0 0.00000  0.0000 0.00000 0.00000 0.00000 0.00000
 21.50       0 0.00000  0.0000 0.00000 0.00000 0.00000 0.00000
 22.50       0 0.00000  0.0000 0.00000 0.00000 0.00000 0.00000
 23.50       0 0.00000  0.0000 0.00000 0.00000 0.00000 0.00000
