  0.50      94 0.03863  0.0385 28.92440 0.00004 0.00007 7.23808
  1.50     190 0.03959  0.0747 27.96050 0.00004 0.00007 0.15837
  2.50     521 0.03694  0.1187 31.29226 0.00005 0.00008 0.15575
  3.50     515 0.03758  0.1583 30.42824 0.00005 0.00007 0.21078
  4.50     757 0.03702  0.1990 31.08541 0.00005 0.00008 0.24781
  5.50     866 0.03927  0.2460 28.59190 0.00005 0.00008 0.29967
  6.50    1233 0.03799  0.2959 29.82925 0.00005 0.00008 0.34526
  7.50    1536 0.03770  0.3443 30.27000 0.00005 0.00008 0.39600
  8.50    1446 0.03998  0.4056 28.01517 0.00005 0.00008 0.46997
  9.50    1924 0.04009  0.4481 27.75997 0.00005 0.00009 0.51136
 10.50    2282 0.03945  0.5013 28.69134 0.00006 0.00009 0.56758
 11.50    2158 0.04012  0.5569 27.78186 0.00005 0.00009 0.63400
 12.50    3353 0.04148  0.6122 26.53677 0.00006 0.00009 0.68316
 13.50    2853 0.04183  0.6749 26.20682 0.00006 0.00009 0.76092
 14.50    3916 0.04364  0.7354 24.62088 0.00006 0.00009 0.82055
 15.50    3920 0.04318  0.8042 25.06304 0.00006 0.00009 0.90043
 16.50    4107 0.04394  0.8698 24.39884 0.00006 0.00009 0.97285
 17.50    4614 0.04425  0.9469 24.17316 0.00006 0.00009 1.05769
 18.50    4568 0.04462  1.0115 23.77288 0.00006 0.00009 1.13438
 19.50    6135 0.04409  1.0873 24.16186 0.00005 0.00009 1.20801
 20.50    5748 0.04465  1.1720 23.78706 0.00005 0.00008 1.30758
 21.50    5516 0.04451  1.2521 23.82739 0.00005 0.00008 1.39652
 22.50    5305 0.04436  1.3374 23.82972 0.00004 0.00007 1.49101
 23.50    4908 0.04372  1.4272 24.28531 0.00004 0.00006 1.58920
