  0.50       0 0.00000  0.0000 0.00000 0.00000 0.00000 0.00000
  1.50       0 0.00000  0.0000 0.00000 0.00000 0.00000 0.00000
  2.50       0 0.00000  0.0000 0.00000 0.00000 0.00000 0.00000
  3.50       0 0.00000  0.0000 0.00000 0.00000 0.00000 0.00000
  4.50       0 0.00000  0.0000 0.00000 0.00000 0.00000 0.00000
  5.50      65 0.04615  0.2207 11.01038 0.00002 0.00002 0.31257
  6.50    8040 0.07486  0.2923 13.44990 0.00081 0.00098 0.43459
  7.50   92174 0.14999  0.8369 -0.51250 0.00681 0.00816 1.30672
  8.50  132535 0.13527  0.9469 0.98954 0.01002 0.01176 1.42787
  9.50  146235 0.11857  1.0821 2.00673 0.00827 0.00944 1.54185
 10.50  138942 0.10253  1.2146 3.25152 0.00650 0.00722 1.66015
 11.50  103684 0.08811  1.3402 4.72000 0.00485 0.00526 1.78071
 12.50   95413 0.07233  1.4729 6.88426 0.00292 0.00309 1.85671
 13.50   31861 0.05987  1.6316 8.82250 0.00110 0.00113 2.01313
 14.50    8306 0.04683  1.7944 12.06380 0.00020 0.00021 2.18973
 15.50     371 0.03363  1.9254 19.49307 0.00002 0.00002 2.10899
 16.50       0 0.00000  0.0000 0.00000 0.00000 0.00000 0.00000
 17.50       0 0.00000  0.0000 0.00000 0.00000 0.00000 0.00000
 18.50       0 0.00000  0.0000 0.00000 0.00000 0.00000 0.00000
 19.50       0 0.00000  0.0000 0.00000 0.00000 0.00000 0.00000
 20.50       0 0.00000  0.0000 0.00000 0.00000 0.00000 0.00000
 21.50       0 0.00000  0.0000 0.00000 0.00000 0.00000 0.00000
 22.50       0 0.00000  0.0000 0.00000 0.00000 0.00000 0.00000
 23.50       0 0.00000  0.0000 0.00000 0.00000 0.00000 0.00000
