  0.50       0 0.00000  0.0000 0.00000 0.00000 0.00000 0.00000
  1.50       0 0.00000  0.0000 0.00000 0.00000 0.00000 0.00000
  2.50       0 0.00000  0.0000 0.00000 0.00000 0.00000 0.00000
  3.50       0 0.00000  0.0000 0.00000 0.00000 0.00000 0.00000
  4.50       0 0.00000  0.0000 0.00000 0.00000 0.00000 0.00000
  5.50       0 0.00000  0.0000 0.00000 0.00000 0.00000 0.00000
  6.50     956 0.15829  0.7261 -1.88541 0.00032 0.00051 1.33951
  7.50   11428 0.15416  0.8414 -0.79950 0.00084 0.00132 1.19892
  8.50   15730 0.13793  0.9462 0.98967 0.00119 0.00184 1.32362
  9.50   16497 0.12163  1.0678 2.25438 0.00094 0.00143 1.42644
 10.50   15338 0.10414  1.1842 4.08343 0.00073 0.00108 1.53060
 11.50   10194 0.08950  1.2712 6.00177 0.00049 0.00072 1.62041
 12.50    8569 0.07696  1.3901 8.05971 0.00027 0.00039 1.68437
 13.50    2239 0.05732  1.5131 13.32710 0.00008 0.00011 1.79005
 14.50     415 0.04851  1.6649 16.71304 0.00002 0.00003 1.96971
 15.50       0 0.00000  0.0000 0.00000 0.00000 0.00000 0.00000
 16.50       0 0.00000  0.0000 0.00000 0.00000 0.00000 0.00000
 17.50       0 0.00000  0.0000 0.00000 0.00000 0.00000 0.00000
 18.50       0 0.00000  0.0000 0.00000 0.00000 0.00000 0.00000
 19.50       0 0.00000  0.0000 0.00000 0.00000 0.00000 0.00000
 20.50       0 0.00000  0.0000 0.00000 0.00000 0.00000 0.00000
 21.50       0 0.00000  0.0000 0.00000 0.00000 0.00000 0.00000
 22.50       0 0.00000  0.0000 0.00000 0.00000 0.00000 0.00000
 23.50       0 0.00000  0.0000 0.00000 0.00000 0.00000 0.00000
