  0.50    2417 0.16275  0.0607 -0.73927 0.00251 0.00417 0.55873
  1.50    4809 0.16240  0.1563 -0.73341 0.00247 0.00411 0.40760
  2.50   12397 0.15826  0.2609 -0.45653 0.00250 0.00413 0.42779
  3.50   12397 0.15741  0.3611 -0.42351 0.00243 0.00401 0.59197
  4.50   17415 0.15263  0.4552 -0.12510 0.00236 0.00387 0.68875
  5.50   19489 0.14899  0.5460 0.07878 0.00223 0.00364 0.80482
  6.50   26124 0.14296  0.6484 0.48294 0.00208 0.00337 0.91041
  7.50   29602 0.13485  0.7643 1.06593 0.00188 0.00303 1.04292
  8.50   25235 0.12599  0.8696 1.76606 0.00165 0.00263 1.17741
  9.50   28433 0.11722  0.9788 2.54713 0.00141 0.00223 1.28343
 10.50   27976 0.10600  1.0951 3.77462 0.00116 0.00180 1.39970
 11.50   22170 0.09688  1.2086 4.91135 0.00092 0.00142 1.53298
 12.50   23978 0.08959  1.3247 5.85663 0.00066 0.00100 1.62217
 13.50   12372 0.07864  1.4577 7.72705 0.00038 0.00058 1.77003
 14.50    7522 0.06676  1.5940 10.32132 0.00017 0.00025 1.87659
 15.50    1683 0.05776  1.7644 13.06508 0.00004 0.00005 2.04792
 16.50      86 0.04233  1.9295 22.67202 0.00001 0.00001 2.57257
 17.50       0 0.00000  0.0000 0.00000 0.00000 0.00000 0.00000
 18.50       0 0.00000  0.0000 0.00000 0.00000 0.00000 0.00000
 19.50       0 0.00000  0.0000 0.00000 0.00000 0.00000 0.00000
 20.50       0 0.00000  0.0000 0.00000 0.00000 0.00000 0.00000
 21.50       0 0.00000  0.0000 0.00000 0.00000 0.00000 0.00000
 22.50       0 0.00000  0.0000 0.00000 0.00000 0.00000 0.00000
 23.50       0 0.00000  0.0000 0.00000 0.00000 0.00000 0.00000
