  0.50   24454 0.09480  0.0627 2.01435 0.01907 0.00018 0.56928
  1.50   49420 0.09659  0.1372 1.88715 0.01912 0.00009 0.46390
  2.50  126431 0.09606  0.2237 1.93260 0.01927 0.00003 0.44032
  3.50  128771 0.09600  0.3144 1.93364 0.01919 0.00003 0.61872
  4.50  184754 0.09599  0.3975 1.93184 0.01916 0.00003 0.72467
  5.50  216816 0.09573  0.4846 1.94572 0.01905 0.00002 0.86219
  6.50  305990 0.09493  0.5829 1.98953 0.01877 0.00002 0.99127
  7.50  371248 0.09399  0.6906 2.03745 0.01835 0.00001 1.15059
  8.50  347741 0.09253  0.7954 2.11416 0.01771 0.00001 1.32811
  9.50  435431 0.09074  0.9006 2.20524 0.01685 0.00001 1.46340
 10.50  489287 0.08802  1.0151 2.36127 0.01577 0.00001 1.61769
 11.50  450585 0.08498  1.1299 2.54690 0.01457 0.00001 1.78794
 12.50  617965 0.08096  1.2614 2.80992 0.01303 0.00000 1.92347
 13.50  475465 0.07608  1.4005 3.17204 0.01135 0.00000 2.11847
 14.50  565137 0.07100  1.5432 3.58931 0.00961 0.00000 2.25806
 15.50  467790 0.06526  1.7004 4.12832 0.00773 0.00000 2.43999
 16.50  394510 0.05907  1.8684 4.80864 0.00583 0.00000 2.61155
 17.50  309747 0.05230  2.0406 5.71062 0.00396 0.00000 2.76468
 18.50  182288 0.04531  2.2294 6.82874 0.00225 0.00000 2.93343
 19.50  101687 0.03781  2.4435 8.31862 0.00087 0.00000 3.06989
 20.50   20085 0.03094  2.6684 9.82033 0.00017 0.00000 3.22773
 21.50    1848 0.02126  2.8891 19.11175 0.00002 0.00000 3.38743
 22.50      29 0.01311  2.8877 55.99905 0.00000 0.00000 3.35446
 23.50       0 0.00000  0.0000 0.00000 0.00000 0.00000 0.00000
