  0.50       0 0.00000  0.0000 0.00000 0.00000 0.00000 0.00000
  1.50       0 0.00000  0.0000 0.00000 0.00000 0.00000 0.00000
  2.50       0 0.00000  0.0000 0.00000 0.00000 0.00000 0.00000
  3.50       0 0.00000  0.0000 0.00000 0.00000 0.00000 0.00000
  4.50       0 0.00000  0.0000 0.00000 0.00000 0.00000 0.00000
  5.50       0 0.00000  0.0000 0.00000 0.00000 0.00000 0.00000
  6.50    1520 0.15605  0.7240 -1.65843 0.00051 0.00071 1.45407
  7.50   17586 0.15182  0.8430 -0.59820 0.00129 0.00178 1.24970
  8.50   24732 0.13615  0.9462 1.03852 0.00187 0.00252 1.36657
  9.50   26013 0.11981  1.0738 2.13970 0.00148 0.00195 1.47862
 10.50   24556 0.10301  1.1911 3.67670 0.00116 0.00149 1.58016
 11.50   17882 0.08802  1.2883 5.48549 0.00086 0.00108 1.67610
 12.50   15768 0.07235  1.4099 8.01450 0.00050 0.00061 1.73827
 13.50    4892 0.06027  1.5567 10.32206 0.00017 0.00021 1.87586
 14.50    1089 0.04874  1.7074 13.89965 0.00003 0.00004 1.99635
 15.50       0 0.00000  0.0000 0.00000 0.00000 0.00000 0.00000
 16.50       0 0.00000  0.0000 0.00000 0.00000 0.00000 0.00000
 17.50       0 0.00000  0.0000 0.00000 0.00000 0.00000 0.00000
 18.50       0 0.00000  0.0000 0.00000 0.00000 0.00000 0.00000
 19.50       0 0.00000  0.0000 0.00000 0.00000 0.00000 0.00000
 20.50       0 0.00000  0.0000 0.00000 0.00000 0.00000 0.00000
 21.50       0 0.00000  0.0000 0.00000 0.00000 0.00000 0.00000
 22.50       0 0.00000  0.0000 0.00000 0.00000 0.00000 0.00000
 23.50       0 0.00000  0.0000 0.00000 0.00000 0.00000 0.00000
