  0.50      59 0.05189  0.0560 21.55010 0.00004 0.00007 4.65521
  1.50     130 0.06575  0.1301 14.65045 0.00004 0.00008 0.25137
  2.50     319 0.06328  0.1714 16.26654 0.00004 0.00007 0.23465
  3.50     311 0.06639  0.2440 14.23454 0.00004 0.00007 0.33271
  4.50     486 0.06122  0.3100 16.59686 0.00004 0.00008 0.39533
  5.50     552 0.06825  0.3633 13.78690 0.00004 0.00008 0.45855
  6.50     864 0.06387  0.4438 15.54199 0.00005 0.00008 0.53526
  7.50     993 0.06602  0.5093 14.63028 0.00004 0.00008 0.60748
  8.50     984 0.06456  0.5924 15.18908 0.00005 0.00008 0.71137
  9.50    1192 0.06538  0.6644 14.94389 0.00004 0.00008 0.78436
 10.50    1414 0.06570  0.7457 14.61429 0.00004 0.00008 0.87310
 11.50    1409 0.06527  0.8200 14.87079 0.00004 0.00008 0.96368
 12.50    2007 0.06496  0.9030 14.93947 0.00004 0.00008 1.04228
 13.50    1646 0.06296  0.9913 15.97505 0.00004 0.00007 1.15443
 14.50    2072 0.06282  1.0833 15.83169 0.00004 0.00007 1.24573
 15.50    1864 0.05693  1.1532 18.75945 0.00003 0.00006 1.32413
 16.50    1690 0.05498  1.2530 19.80957 0.00003 0.00005 1.43564
 17.50    1715 0.05362  1.3467 20.45326 0.00002 0.00004 1.53178
 18.50    1251 0.04689  1.4181 25.12177 0.00002 0.00003 1.60415
 19.50    1152 0.04462  1.5579 26.60371 0.00001 0.00002 1.73642
 20.50     445 0.03552  1.7259 38.27680 0.00001 0.00001 1.92831
 21.50      11 0.02632  1.7370 51.50090 0.00000 0.00001 4.00442
 22.50       0 0.00000  0.0000 0.00000 0.00000 0.00000 0.00000
 23.50       0 0.00000  0.0000 0.00000 0.00000 0.00000 0.00000
