  0.50   12520 0.05604  0.0399 5.54425 0.00711 0.00005 0.98630
  1.50   25094 0.05629  0.1012 5.49615 0.00709 0.00003 0.28021
  2.50   63790 0.05662  0.1617 5.44434 0.00715 0.00001 0.26789
  3.50   65583 0.05679  0.2285 5.42859 0.00726 0.00001 0.37778
  4.50   93378 0.05679  0.2907 5.43028 0.00728 0.00001 0.44627
  5.50  109948 0.05733  0.3530 5.34264 0.00736 0.00001 0.53226
  6.50  155475 0.05772  0.4237 5.27767 0.00739 0.00001 0.61422
  7.50  190357 0.05823  0.4996 5.19493 0.00744 0.00000 0.71458
  8.50  183260 0.05858  0.5753 5.14529 0.00752 0.00000 0.83107
  9.50  238478 0.05890  0.6511 5.09619 0.00757 0.00000 0.92472
 10.50  282046 0.05934  0.7367 5.02314 0.00759 0.00000 1.04021
 11.50  275319 0.05955  0.8206 4.98431 0.00756 0.00000 1.16588
 12.50  412549 0.05967  0.9155 4.95951 0.00751 0.00000 1.27564
 13.50  352802 0.05959  1.0181 4.95624 0.00739 0.00000 1.43509
 14.50  472857 0.05922  1.1173 4.98841 0.00716 0.00000 1.55263
 15.50  460144 0.05869  1.2271 5.03991 0.00688 0.00000 1.70732
 16.50  477536 0.05760  1.3390 5.17487 0.00649 0.00000 1.85293
 17.50  505697 0.05604  1.4547 5.38514 0.00602 0.00000 1.99611
 18.50  470544 0.05433  1.5730 5.62882 0.00551 0.00000 2.14989
 19.50  587664 0.05182  1.7093 6.01091 0.00482 0.00000 2.29016
 20.50  493534 0.04886  1.8667 6.50468 0.00401 0.00000 2.47867
 21.50  418218 0.04547  2.0314 7.14308 0.00318 0.00000 2.66151
 22.50  339090 0.04182  2.2082 7.92295 0.00234 0.00000 2.84649
 23.50  240307 0.03753  2.4007 9.00261 0.00151 0.00000 3.03320
