  0.50      15 0.00963  0.0111 163.49200 0.00001 0.00001 9.31364
  1.50      31 0.01464  0.0386 103.53550 0.00001 0.00001 0.09915
  2.50      72 0.01541  0.0855 103.35020 0.00001 0.00001 0.10947
  3.50      53 0.01165  0.1097 149.12918 0.00000 0.00001 0.15339
  4.50     114 0.01718  0.1474 88.98620 0.00001 0.00001 0.17703
  5.50     121 0.01564  0.1957 100.99114 0.00001 0.00001 0.22980
  6.50     174 0.01556  0.2188 98.59273 0.00001 0.00001 0.25088
  7.50     205 0.01417  0.2471 127.84286 0.00001 0.00001 0.28088
  8.50     212 0.01326  0.2735 122.55422 0.00001 0.00001 0.31185
  9.50     255 0.01515  0.3175 104.58675 0.00001 0.00001 0.35283
 10.50     303 0.01594  0.3623 98.42114 0.00001 0.00001 0.39417
 11.50     302 0.01640  0.3947 98.10561 0.00001 0.00001 0.43371
 12.50     453 0.01669  0.4171 92.71605 0.00001 0.00001 0.44899
 13.50     361 0.01764  0.4740 85.88090 0.00001 0.00001 0.51426
 14.50     538 0.01904  0.5170 81.12946 0.00001 0.00001 0.55573
 15.50     491 0.01696  0.5627 94.48343 0.00001 0.00001 0.60586
 16.50     550 0.01764  0.6025 85.69103 0.00001 0.00001 0.64824
 17.50     628 0.01730  0.6394 89.00426 0.00001 0.00001 0.68805
 18.50     647 0.01718  0.6846 91.09924 0.00001 0.00001 0.74038
 19.50     882 0.01653  0.7249 99.05002 0.00001 0.00001 0.77739
 20.50     856 0.01921  0.7884 81.03762 0.00001 0.00001 0.84632
 21.50     933 0.02177  0.8448 67.30601 0.00001 0.00001 0.90608
 22.50    1024 0.02188  0.8942 67.71084 0.00001 0.00001 0.95846
 23.50    1044 0.02338  0.9636 62.42438 0.00001 0.00001 1.03397
