  0.50      17 0.01698  0.0433 78.57690 0.00001 0.00001 10.51929
  1.50      56 0.02238  0.0532 58.80200 0.00001 0.00001 0.10859
  2.50     147 0.01619  0.0757 84.78364 0.00001 0.00001 0.09926
  3.50     126 0.01838  0.0983 73.94734 0.00001 0.00001 0.13001
  4.50     199 0.01909  0.1314 72.99007 0.00001 0.00001 0.15764
  5.50     233 0.02136  0.1577 62.36185 0.00001 0.00001 0.18920
  6.50     369 0.01997  0.1876 68.63828 0.00001 0.00002 0.21495
  7.50     358 0.01769  0.2212 80.69675 0.00001 0.00001 0.25001
  8.50     367 0.01833  0.2449 74.42878 0.00001 0.00001 0.28100
  9.50     443 0.01935  0.2749 74.85644 0.00001 0.00001 0.30671
 10.50     530 0.02014  0.3096 66.04024 0.00001 0.00001 0.34015
 11.50     569 0.02037  0.3457 65.86711 0.00001 0.00002 0.38044
 12.50     768 0.02023  0.3729 65.52399 0.00001 0.00002 0.40183
 13.50     641 0.02067  0.4105 64.79228 0.00001 0.00002 0.44780
 14.50     858 0.02128  0.4443 64.01838 0.00001 0.00002 0.47832
 15.50     873 0.01969  0.4783 67.99094 0.00001 0.00002 0.51559
 16.50    1049 0.02009  0.5187 66.70296 0.00001 0.00002 0.55873
 17.50    1156 0.02116  0.5502 64.82179 0.00001 0.00002 0.59173
 18.50    1205 0.02032  0.5957 65.61347 0.00001 0.00002 0.64283
 19.50    1580 0.02061  0.6266 65.59271 0.00001 0.00002 0.67026
 20.50    1651 0.02095  0.6739 63.90545 0.00001 0.00002 0.72472
 21.50    1719 0.02129  0.7229 63.88883 0.00001 0.00002 0.77586
 22.50    1850 0.02276  0.7652 57.78946 0.00001 0.00002 0.81846
 23.50    1931 0.02448  0.8149 52.45673 0.00001 0.00002 0.87290
