  0.50     305 0.02135  0.0242 45.16060 0.00010 0.00012 9.91449
  1.50     575 0.02096  0.0489 46.12455 0.00009 0.00011 0.10596
  2.50    1375 0.02044  0.0848 47.60440 0.00009 0.00010 0.10998
  3.50    1350 0.02104  0.1059 45.84956 0.00009 0.00010 0.13846
  4.50    1987 0.02104  0.1437 45.94944 0.00009 0.00011 0.17401
  5.50    2374 0.02039  0.1713 47.71269 0.00010 0.00011 0.20294
  6.50    3278 0.02059  0.2047 47.27669 0.00010 0.00011 0.23401
  7.50    3756 0.02146  0.2394 44.96355 0.00009 0.00011 0.27039
  8.50    3569 0.02127  0.2748 45.32827 0.00009 0.00011 0.31243
  9.50    4588 0.02073  0.3050 46.81962 0.00010 0.00011 0.34011
 10.50    5329 0.02156  0.3406 44.69648 0.00010 0.00011 0.37755
 11.50    4893 0.02099  0.3702 46.19518 0.00009 0.00011 0.41189
 12.50    7472 0.02170  0.4100 44.38848 0.00010 0.00011 0.44829
 13.50    6330 0.02179  0.4488 44.17069 0.00010 0.00011 0.49529
 14.50    8531 0.02220  0.4860 43.15992 0.00010 0.00012 0.53051
 15.50    8497 0.02198  0.5285 43.76247 0.00010 0.00012 0.57765
 16.50    8904 0.02229  0.5658 42.95859 0.00010 0.00012 0.61762
 17.50   10313 0.02271  0.6052 42.09153 0.00011 0.00012 0.65951
 18.50   10311 0.02316  0.6524 41.10232 0.00011 0.00013 0.71244
 19.50   14370 0.02378  0.6990 39.84062 0.00011 0.00013 0.75700
 20.50   14038 0.02365  0.7479 40.12892 0.00011 0.00013 0.81200
 21.50   14520 0.02401  0.8010 39.42412 0.00011 0.00013 0.87030
 22.50   15562 0.02429  0.8514 38.88603 0.00011 0.00013 0.92571
 23.50   16943 0.02485  0.9036 37.77519 0.00012 0.00014 0.98343
