  0.50     735 0.06431  0.0433 10.00930 0.00046 0.00056 4.82054
  1.50    1635 0.06540  0.1012 9.82040 0.00051 0.00062 0.22482
  2.50    3962 0.06495  0.1662 9.88521 0.00049 0.00059 0.23501
  3.50    4027 0.06693  0.2361 9.33546 0.00049 0.00060 0.33509
  4.50    5639 0.06634  0.2916 9.50318 0.00048 0.00059 0.38798
  5.50    6725 0.06576  0.3526 9.68057 0.00050 0.00060 0.45954
  6.50    9601 0.06671  0.4244 9.42558 0.00050 0.00061 0.53276
  7.50   11761 0.06854  0.5064 8.93961 0.00050 0.00061 0.62902
  8.50   11309 0.06791  0.5771 9.11666 0.00051 0.00062 0.72149
  9.50   14615 0.06865  0.6512 8.93061 0.00051 0.00062 0.80189
 10.50   17063 0.06778  0.7291 9.15940 0.00051 0.00062 0.88979
 11.50   16648 0.06747  0.8135 9.22593 0.00050 0.00061 0.99688
 12.50   24303 0.06744  0.8987 9.21133 0.00049 0.00060 1.08097
 13.50   20565 0.06605  0.9895 9.57893 0.00048 0.00058 1.20018
 14.50   27252 0.06454  1.0758 9.97259 0.00046 0.00056 1.28583
 15.50   25749 0.06296  1.1737 10.40067 0.00043 0.00053 1.40404
 16.50   25764 0.06038  1.2598 11.14490 0.00040 0.00048 1.49992
 17.50   26456 0.05706  1.3532 12.20599 0.00036 0.00044 1.59898
 18.50   23254 0.05382  1.4557 13.34778 0.00032 0.00038 1.71268
 19.50   26241 0.04947  1.5745 15.08440 0.00025 0.00030 1.82130
 20.50   17720 0.04458  1.7242 17.36252 0.00017 0.00020 1.97948
 21.50    9984 0.03885  1.8813 20.63720 0.00009 0.00010 2.13755
 22.50    4093 0.03164  2.0807 27.09165 0.00003 0.00004 2.32995
 23.50     880 0.02600  2.2793 36.59139 0.00001 0.00001 2.54779
