  0.50       0 0.00000  0.0000 0.00000 0.00000 0.00000 0.00000
  1.50       0 0.00000  0.0000 0.00000 0.00000 0.00000 0.00000
  2.50       0 0.00000  0.0000 0.00000 0.00000 0.00000 0.00000
  3.50       0 0.00000  0.0000 0.00000 0.00000 0.00000 0.00000
  4.50      10 0.05219  0.2873 6.77859 0.00001 0.00001 0.67050
  5.50   21059 0.12594  0.4831 0.54023 0.00296 0.00356 0.73294
  6.50   88175 0.15041  0.6846 -0.56202 0.00754 0.00902 1.12497
  7.50  151357 0.14032  0.7910 0.71787 0.01037 0.01227 1.20252
  8.50  131397 0.12761  0.9160 1.41894 0.00917 0.01062 1.35660
  9.50  149819 0.11630  1.0395 2.14267 0.00787 0.00894 1.47475
 10.50  149617 0.10289  1.1675 3.21303 0.00651 0.00724 1.59746
 11.50  120536 0.09092  1.2891 4.40457 0.00525 0.00572 1.72543
 12.50  133157 0.07800  1.4233 6.06334 0.00379 0.00405 1.81837
 13.50   65775 0.06473  1.5646 8.22897 0.00212 0.00222 1.95434
 14.50   34020 0.05521  1.7261 9.94276 0.00078 0.00080 2.07544
 15.50    5172 0.04283  1.9041 13.38191 0.00011 0.00012 2.35167
 16.50     259 0.02813  2.0554 26.80723 0.00001 0.00001 2.22932
 17.50       0 0.00000  0.0000 0.00000 0.00000 0.00000 0.00000
 18.50       0 0.00000  0.0000 0.00000 0.00000 0.00000 0.00000
 19.50       0 0.00000  0.0000 0.00000 0.00000 0.00000 0.00000
 20.50       0 0.00000  0.0000 0.00000 0.00000 0.00000 0.00000
 21.50       0 0.00000  0.0000 0.00000 0.00000 0.00000 0.00000
 22.50       0 0.00000  0.0000 0.00000 0.00000 0.00000 0.00000
 23.50       0 0.00000  0.0000 0.00000 0.00000 0.00000 0.00000
