  0.50   10330 0.04859  0.0406 6.85524 0.00538 0.00004 1.09019
  1.50   20634 0.04870  0.0858 6.82536 0.00535 0.00002 0.23836
  2.50   53076 0.04900  0.1485 6.77324 0.00547 0.00001 0.23640
  3.50   53597 0.04897  0.2080 6.77942 0.00547 0.00001 0.33194
  4.50   76875 0.04925  0.2640 6.72594 0.00553 0.00001 0.39126
  5.50   89707 0.04954  0.3181 6.66397 0.00556 0.00000 0.46266
  6.50  127717 0.04970  0.3831 6.64091 0.00565 0.00000 0.53501
  7.50  155629 0.05032  0.4515 6.50277 0.00568 0.00000 0.62268
  8.50  149568 0.05094  0.5190 6.37719 0.00576 0.00000 0.72340
  9.50  193830 0.05117  0.5867 6.33369 0.00580 0.00000 0.80394
 10.50  229390 0.05152  0.6613 6.26670 0.00586 0.00000 0.90065
 11.50  225675 0.05215  0.7366 6.13946 0.00591 0.00000 1.01175
 12.50  339034 0.05256  0.8224 6.05605 0.00593 0.00000 1.10864
 13.50  292718 0.05269  0.9113 6.02995 0.00593 0.00000 1.24391
 14.50  401763 0.05303  1.0035 5.95341 0.00591 0.00000 1.35470
 15.50  399187 0.05314  1.1021 5.91788 0.00582 0.00000 1.49445
 16.50  423103 0.05301  1.2026 5.91391 0.00563 0.00000 1.62877
 17.50  462984 0.05249  1.3063 5.98405 0.00543 0.00000 1.76180
 18.50  445119 0.05173  1.4126 6.09614 0.00515 0.00000 1.90544
 19.50  586658 0.05046  1.5349 6.30202 0.00476 0.00000 2.03995
 20.50  529523 0.04873  1.6711 6.60522 0.00429 0.00000 2.21274
 21.50  489109 0.04671  1.8072 6.97452 0.00374 0.00000 2.37626
 22.50  452227 0.04447  1.9515 7.42031 0.00316 0.00000 2.54228
 23.50  396513 0.04149  2.1127 8.10788 0.00253 0.00000 2.71661
