  0.50   50816 0.06907  0.0462 1.48361 0.02884 0.00821 7.75407
  1.50  101385 0.06933  0.1071 1.46138 0.02864 0.00817 0.58552
  2.50  257954 0.06916  0.1737 1.47977 0.02887 0.00822 0.55783
  3.50  262803 0.06926  0.2456 1.47811 0.02900 0.00826 0.79053
  4.50  375981 0.06960  0.3112 1.46267 0.02913 0.00833 0.93129
  5.50  440055 0.06992  0.3798 1.44647 0.02921 0.00837 1.11418
  6.50  624403 0.07021  0.4551 1.43393 0.02935 0.00843 1.28481
  7.50  763468 0.07055  0.5405 1.41423 0.02935 0.00846 1.50653
  8.50  731459 0.07084  0.6241 1.39818 0.02938 0.00849 1.75873
  9.50  949905 0.07113  0.7080 1.38107 0.02936 0.00850 1.96366
 10.50 1120047 0.07137  0.8016 1.36212 0.02921 0.00848 2.21066
 11.50 1094623 0.07153  0.8967 1.34370 0.02894 0.00841 2.49143
 12.50 1630636 0.07159  1.0058 1.32112 0.02840 0.00826 2.73767
 13.50 1391206 0.07127  1.1244 1.31234 0.02764 0.00802 3.08836
 14.50 1862682 0.07082  1.2484 1.29427 0.02646 0.00765 3.36772
 15.50 1807456 0.06997  1.3865 1.28800 0.02502 0.00718 3.71965
 16.50 1875795 0.06881  1.5301 1.28597 0.02331 0.00662 4.05424
 17.50 1986193 0.06728  1.6850 1.28960 0.02132 0.00598 4.39020
 18.50 1840691 0.06531  1.8601 1.30092 0.01904 0.00524 4.76069
 19.50 2308550 0.06264  2.0763 1.32161 0.01627 0.00438 5.11545
 20.50 1948439 0.05911  2.3434 1.36310 0.01318 0.00343 5.57335
 21.50 1670518 0.05490  2.6492 1.43436 0.01018 0.00255 6.01716
 22.50 1398453 0.04999  3.0107 1.55085 0.00739 0.00177 6.44937
 23.50 1075477 0.04405  3.4388 1.76368 0.00490 0.00111 6.84428
