  0.50       0 0.00000  0.0000 0.00000 0.00000 0.00000 0.00000
  1.50       0 0.00000  0.0000 0.00000 0.00000 0.00000 0.00000
  2.50       0 0.00000  0.0000 0.00000 0.00000 0.00000 0.00000
  3.50      21 0.03978  0.6942 4.17336 0.00001 0.00000 0.81529
  4.50     116 0.04516  0.4811 2.84812 0.00002 0.00000 0.70779
  5.50     279 0.04900  0.3297 3.17910 0.00005 0.00000 0.47455
  6.50     919 0.04123  0.1822 5.29365 0.00013 0.00000 0.23803
  7.50   17123 0.08775  0.3795 1.74547 0.00155 0.00000 0.77929
  8.50  349420 0.14116  1.0925 0.02247 0.03062 0.00002 2.15684
  9.50  437177 0.11826  1.2858 0.97274 0.02805 0.00002 2.28651
 10.50  322928 0.09467  1.4754 1.90712 0.01672 0.00001 2.38908
 11.50  164202 0.07514  1.6378 2.96596 0.00838 0.00000 2.46833
 12.50   78456 0.05739  1.8186 4.24360 0.00260 0.00000 2.48654
 13.50    8753 0.04099  2.0257 6.15442 0.00032 0.00000 2.59120
 14.50     626 0.02795  2.2804 10.75829 0.00003 0.00000 2.60305
 15.50       0 0.00000  0.0000 0.00000 0.00000 0.00000 0.00000
 16.50       0 0.00000  0.0000 0.00000 0.00000 0.00000 0.00000
 17.50       0 0.00000  0.0000 0.00000 0.00000 0.00000 0.00000
 18.50       0 0.00000  0.0000 0.00000 0.00000 0.00000 0.00000
 19.50       0 0.00000  0.0000 0.00000 0.00000 0.00000 0.00000
 20.50       0 0.00000  0.0000 0.00000 0.00000 0.00000 0.00000
 21.50       0 0.00000  0.0000 0.00000 0.00000 0.00000 0.00000
 22.50       0 0.00000  0.0000 0.00000 0.00000 0.00000 0.00000
 23.50       0 0.00000  0.0000 0.00000 0.00000 0.00000 0.00000
