  0.50     112 0.00500  0.0151 247.05400 0.00004 0.00005 8.99754
  1.50     192 0.00655  0.0532 194.92200 0.00004 0.00004 0.11282
  2.50     498 0.00500  0.1021 246.22140 0.00004 0.00004 0.12592
  3.50     496 0.00500  0.1413 246.14180 0.00004 0.00004 0.17601
  4.50     679 0.00578  0.1841 226.40700 0.00004 0.00004 0.21596
  5.50     797 0.00562  0.2136 229.90650 0.00004 0.00004 0.24781
  6.50    1197 0.00574  0.2572 224.63309 0.00004 0.00005 0.28807
  7.50    1449 0.00500  0.2932 246.58931 0.00004 0.00005 0.32388
  8.50    1359 0.00568  0.3410 223.03783 0.00004 0.00005 0.38033
  9.50    1868 0.00534  0.3853 237.79933 0.00004 0.00005 0.42132
 10.50    2171 0.00529  0.4245 239.04141 0.00004 0.00005 0.46091
 11.50    2206 0.00540  0.4721 234.03063 0.00005 0.00006 0.51482
 12.50    3389 0.00555  0.5104 229.94243 0.00005 0.00006 0.54836
 13.50    2844 0.00553  0.5715 234.50061 0.00005 0.00006 0.61867
 14.50    4045 0.00586  0.6182 220.68296 0.00005 0.00006 0.66151
 15.50    4223 0.00653  0.6758 204.58307 0.00005 0.00007 0.72546
 16.50    4663 0.00716  0.7255 188.82568 0.00006 0.00007 0.77991
 17.50    5424 0.00820  0.7862 165.16724 0.00006 0.00007 0.84399
 18.50    5579 0.00740  0.8416 176.90631 0.00006 0.00008 0.90429
 19.50    8213 0.00902  0.9132 143.14795 0.00006 0.00008 0.97454
 20.50    8079 0.01060  0.9861 122.92290 0.00006 0.00008 1.05781
 21.50    8765 0.01178  1.0586 106.02210 0.00007 0.00008 1.13894
 22.50    9521 0.01088  1.1306 110.20418 0.00007 0.00009 1.21421
 23.50   10493 0.01279  1.2104 94.42528 0.00007 0.00009 1.30212
