  0.50    6346 0.03342  0.0341 11.37100 0.00264 0.00002 1.33404
  1.50   12387 0.03300  0.0703 11.55180 0.00257 0.00001 0.17343
  2.50   31768 0.03297  0.1155 11.59282 0.00263 0.00000 0.17020
  3.50   32018 0.03322  0.1593 11.47092 0.00263 0.00000 0.23572
  4.50   45091 0.03355  0.2031 11.30741 0.00263 0.00000 0.27985
  5.50   52820 0.03393  0.2473 11.13656 0.00267 0.00000 0.33360
  6.50   74153 0.03371  0.2952 11.24998 0.00269 0.00000 0.38210
  7.50   90432 0.03408  0.3445 11.09279 0.00274 0.00000 0.44000
  8.50   85722 0.03429  0.3953 11.00006 0.00277 0.00000 0.50927
  9.50  109810 0.03463  0.4445 10.85187 0.00279 0.00000 0.56289
 10.50  130261 0.03497  0.4964 10.72170 0.00286 0.00000 0.62489
 11.50  125924 0.03532  0.5510 10.57004 0.00287 0.00000 0.69786
 12.50  189973 0.03592  0.6098 10.33515 0.00294 0.00000 0.75880
 13.50  163588 0.03635  0.6743 10.16377 0.00297 0.00000 0.85052
 14.50  226352 0.03682  0.7390 9.99180 0.00303 0.00000 0.92170
 15.50  228002 0.03727  0.8089 9.82315 0.00308 0.00000 1.01462
 16.50  250306 0.03787  0.8803 9.60463 0.00313 0.00000 1.10655
 17.50  283367 0.03835  0.9546 9.43084 0.00316 0.00000 1.20001
 18.50  285565 0.03870  1.0289 9.30688 0.00319 0.00000 1.29971
 19.50  402129 0.03920  1.1180 9.12400 0.00319 0.00000 1.40280
 20.50  396726 0.03969  1.2159 8.94800 0.00318 0.00000 1.53485
 21.50  406876 0.03988  1.3118 8.85923 0.00311 0.00000 1.66059
 22.50  431262 0.03998  1.4121 8.80617 0.00305 0.00000 1.78966
 23.50  445983 0.03977  1.5136 8.83959 0.00292 0.00000 1.91823
