  0.50  109305 0.13499  0.0699 0.29483 0.10483 0.04800 6.15668
  1.50  218334 0.13507  0.1544 0.28222 0.10373 0.04751 1.40736
  2.50  553314 0.13463  0.2554 0.28689 0.10305 0.04708 1.35772
  3.50  563926 0.13373  0.3593 0.29971 0.10204 0.04637 1.88278
  4.50  801589 0.13232  0.4551 0.31749 0.10019 0.04515 2.21230
  5.50  928175 0.13014  0.5570 0.34649 0.09744 0.04334 2.63001
  6.50 1288044 0.12688  0.6715 0.39158 0.09345 0.04075 2.98847
  7.50 1512112 0.12266  0.7996 0.44051 0.08733 0.03708 3.39945
  8.50 1378377 0.11799  0.9285 0.49866 0.08090 0.03334 3.84873
  9.50 1673407 0.11267  1.0656 0.56294 0.07338 0.02919 4.16637
 10.50 1801990 0.10669  1.2235 0.62749 0.06450 0.02462 4.53654
 11.50 1576526 0.10034  1.3940 0.69330 0.05523 0.02015 4.94362
 12.50 2010338 0.09289  1.6071 0.75906 0.04449 0.01537 5.25343
 13.50 1384514 0.08446  1.8655 0.82406 0.03317 0.01074 5.73602
 14.50 1391695 0.07516  2.1906 0.88031 0.02237 0.00673 6.07798
 15.50  872306 0.06363  2.6194 0.98484 0.01257 0.00343 6.44774
 16.50  487677 0.05131  3.0963 1.17059 0.00582 0.00142 6.60209
 17.50  216158 0.03898  3.5298 1.54110 0.00212 0.00046 6.44130
 18.50   58080 0.02763  3.8523 2.28523 0.00054 0.00010 6.09176
 19.50   10570 0.01585  4.4532 5.81868 0.00007 0.00001 5.98359
 20.50     113 0.00606  4.7066 23.24780 0.00001 0.00000 6.25199
 21.50       0 0.00000  0.0000 0.00000  0.0000 0.00000 0.00000
 22.50       0 0.00000  0.0000 0.00000  0.0000 0.00000 0.00000
 23.50       0 0.00000  0.0000 0.00000  0.0000 0.00000 0.00000
