  0.50     407 0.04950  0.0297 18.29480 0.00022 0.00032 5.98356
  1.50     851 0.05155  0.0871 17.21245 0.00023 0.00034 0.19160
  2.50    2139 0.05017  0.1402 17.97434 0.00023 0.00034 0.19252
  3.50    2280 0.04893  0.1953 18.79188 0.00024 0.00035 0.26865
  4.50    3230 0.05088  0.2515 17.62131 0.00024 0.00036 0.32112
  5.50    3802 0.05119  0.3134 17.45116 0.00025 0.00036 0.39186
  6.50    5207 0.05121  0.3662 17.45763 0.00024 0.00035 0.44032
  7.50    6381 0.05212  0.4274 16.96306 0.00025 0.00036 0.50786
  8.50    6237 0.05424  0.4998 15.86858 0.00025 0.00037 0.59853
  9.50    8092 0.05340  0.5590 16.30791 0.00026 0.00037 0.65705
 10.50    9425 0.05361  0.6328 16.20962 0.00025 0.00037 0.73815
 11.50    9498 0.05411  0.6991 15.99612 0.00026 0.00039 0.82020
 12.50   13946 0.05543  0.7780 15.29643 0.00026 0.00038 0.89595
 13.50   11804 0.05538  0.8579 15.29053 0.00026 0.00038 0.99997
 14.50   15816 0.05542  0.9396 15.27670 0.00025 0.00037 1.08060
 15.50   15261 0.05442  1.0278 15.74177 0.00024 0.00035 1.18433
 16.50   15924 0.05459  1.1157 15.62043 0.00023 0.00034 1.28405
 17.50   16472 0.05381  1.2004 15.93043 0.00021 0.00031 1.37753
 18.50   14674 0.05188  1.2867 16.82311 0.00019 0.00028 1.47706
 19.50   17726 0.05140  1.3938 16.97241 0.00016 0.00023 1.58180
 20.50   14104 0.04872  1.5052 18.29863 0.00013 0.00019 1.70749
 21.50   11140 0.04615  1.6215 19.77679 0.00010 0.00014 1.83291
 22.50    8484 0.04438  1.7551 20.62267 0.00007 0.00010 1.97811
 23.50    5149 0.03949  1.9022 24.48503 0.00004 0.00005 2.12682
