  0.50    1823 0.13392  0.0663 1.12338 0.00175 0.00235 1.09836
  1.50    3631 0.13216  0.1560 1.24506 0.00172 0.00231 0.39594
  2.50    9001 0.13038  0.2388 1.36002 0.00168 0.00225 0.39186
  3.50    9270 0.13175  0.3430 1.25386 0.00169 0.00226 0.56348
  4.50   13022 0.13006  0.4298 1.36869 0.00164 0.00220 0.65683
  5.50   15344 0.12582  0.5259 1.70480 0.00163 0.00217 0.78066
  6.50   20527 0.12440  0.6261 1.75358 0.00152 0.00202 0.89191
  7.50   24041 0.11846  0.7317 2.22973 0.00143 0.00189 1.01679
  8.50   21344 0.11344  0.8362 2.63080 0.00131 0.00171 1.15728
  9.50   25605 0.10587  0.9408 3.35889 0.00119 0.00154 1.26238
 10.50   26895 0.09747  1.0489 4.27622 0.00105 0.00134 1.37339
 11.50   23011 0.09040  1.1528 5.15013 0.00091 0.00115 1.49903
 12.50   29113 0.08225  1.2639 6.34702 0.00076 0.00094 1.59016
 13.50   19765 0.07334  1.3749 7.92293 0.00059 0.00073 1.71594
 14.50   18738 0.06635  1.4923 9.34823 0.00040 0.00049 1.80409
 15.50    9143 0.05518  1.6478 12.37499 0.00019 0.00023 1.95062
 16.50    2986 0.04455  1.8190 16.34196 0.00006 0.00007 2.10382
 17.50     308 0.03669  1.9618 21.15960 0.00001 0.00001 2.35621
 18.50       0 0.00000  0.0000 0.00000 0.00000 0.00000 0.00000
 19.50       0 0.00000  0.0000 0.00000 0.00000 0.00000 0.00000
 20.50       0 0.00000  0.0000 0.00000 0.00000 0.00000 0.00000
 21.50       0 0.00000  0.0000 0.00000 0.00000 0.00000 0.00000
 22.50       0 0.00000  0.0000 0.00000 0.00000 0.00000 0.00000
 23.50       0 0.00000  0.0000 0.00000 0.00000 0.00000 0.00000
