  0.50    2653 0.03891  0.0270 18.06780 0.00118 0.00118 7.29339
  1.50    5229 0.03958  0.0689 17.62250 0.00116 0.00116 0.14790
  2.50   13440 0.04020  0.1179 17.25088 0.00119 0.00119 0.16132
  3.50   13682 0.04028  0.1647 17.20964 0.00121 0.00120 0.22767
  4.50   19193 0.04019  0.2083 17.27144 0.00120 0.00120 0.26442
  5.50   22402 0.04075  0.2544 16.93185 0.00121 0.00121 0.31779
  6.50   31622 0.04092  0.3035 16.84485 0.00123 0.00123 0.36463
  7.50   38432 0.04101  0.3562 16.80072 0.00124 0.00124 0.42294
  8.50   36470 0.04109  0.4075 16.76733 0.00126 0.00126 0.48853
  9.50   46878 0.04163  0.4580 16.46076 0.00127 0.00127 0.53945
 10.50   55177 0.04204  0.5124 16.23886 0.00129 0.00129 0.60032
 11.50   54135 0.04246  0.5700 16.02477 0.00131 0.00131 0.67028
 12.50   80423 0.04272  0.6304 15.88235 0.00132 0.00132 0.72984
 13.50   69966 0.04347  0.6940 15.50009 0.00135 0.00135 0.81129
 14.50   95838 0.04364  0.7621 15.41360 0.00136 0.00137 0.88106
 15.50   96996 0.04379  0.8312 15.35646 0.00139 0.00139 0.96368
 16.50  104157 0.04435  0.9020 15.06382 0.00138 0.00139 1.04695
 17.50  116603 0.04466  0.9761 14.90376 0.00138 0.00139 1.13061
 18.50  116104 0.04497  1.0496 14.74984 0.00137 0.00138 1.21955
 19.50  160595 0.04479  1.1358 14.82583 0.00135 0.00136 1.30869
 20.50  154786 0.04458  1.2287 14.91728 0.00132 0.00133 1.41892
 21.50  155276 0.04406  1.3200 15.14053 0.00127 0.00127 1.52396
 22.50  158633 0.04337  1.4121 15.46359 0.00120 0.00121 1.62761
 23.50  157186 0.04229  1.5090 15.97541 0.00111 0.00111 1.73559
