  0.50   78619 0.09496  0.0578 0.93922 0.05771 0.02022 7.06547
  1.50  160052 0.09507  0.1304 0.94555 0.05834 0.02046 0.93847
  2.50  405091 0.09532  0.2181 0.93317 0.05818 0.02045 0.89218
  3.50  412013 0.09520  0.3069 0.93317 0.05792 0.02033 1.25540
  4.50  589612 0.09547  0.3895 0.91893 0.05770 0.02030 1.47536
  5.50  689634 0.09544  0.4740 0.91257 0.05726 0.02014 1.75511
  6.50  979496 0.09537  0.5700 0.90853 0.05687 0.01999 2.02258
  7.50 1191729 0.09494  0.6797 0.90480 0.05573 0.01953 2.36202
  8.50 1126054 0.09433  0.7851 0.90186 0.05426 0.01893 2.73781
  9.50 1435930 0.09337  0.8936 0.90637 0.05248 0.01818 3.03154
 10.50 1642093 0.09193  1.0139 0.91256 0.04986 0.01709 3.36909
 11.50 1541976 0.09009  1.1388 0.92372 0.04674 0.01580 3.74078
 12.50 2182200 0.08763  1.2823 0.94202 0.04289 0.01423 4.03907
 13.50 1738696 0.08449  1.4466 0.96631 0.03824 0.01238 4.48309
 14.50 2154157 0.08097  1.6256 0.98886 0.03321 0.01045 4.81555
 15.50 1877357 0.07647  1.8433 1.02231 0.02744 0.00832 5.24758
 16.50 1703812 0.07142  2.0907 1.05895 0.02166 0.00629 5.66243
 17.50 1514941 0.06539  2.3946 1.11682 0.01596 0.00440 6.07534
 18.50 1108436 0.05835  2.7643 1.20917 0.01072 0.00278 6.49950
 19.50  967771 0.04908  3.2484 1.42792 0.00605 0.00144 6.77679
 20.50  459537 0.03863  3.7780 1.82760 0.00264 0.00057 6.92468
 21.50  173854 0.02910  4.1411 2.46698 0.00091 0.00018 6.71686
 22.50   46440 0.02046  4.4130 3.72473 0.00022 0.00004 6.36401
 23.50    6098 0.01120  4.8456 10.20189 0.00003 0.00000 6.36555
