  0.50    4951 0.11893  0.0657 2.06621 0.00441 0.00631 1.86968
  1.50    9925 0.12023  0.1458 1.93159 0.00438 0.00628 0.36294
  2.50   24673 0.11948  0.2356 1.98222 0.00429 0.00613 0.36810
  3.50   24823 0.11825  0.3320 2.08801 0.00421 0.00601 0.51936
  4.50   35335 0.11845  0.4149 2.05877 0.00416 0.00595 0.60667
  5.50   41129 0.11671  0.5026 2.22435 0.00410 0.00585 0.71823
  6.50   56756 0.11438  0.6005 2.43626 0.00395 0.00561 0.82241
  7.50   66393 0.11057  0.7053 2.81519 0.00372 0.00527 0.94593
  8.50   59111 0.10604  0.8083 3.27634 0.00342 0.00481 1.08225
  9.50   71418 0.10144  0.9124 3.79109 0.00314 0.00439 1.19028
 10.50   74012 0.09581  1.0269 4.45200 0.00271 0.00376 1.31537
 11.50   62626 0.08869  1.1407 5.44531 0.00230 0.00317 1.44886
 12.50   76359 0.08195  1.2674 6.49318 0.00184 0.00251 1.55944
 13.50   48392 0.07854  1.4109 6.88063 0.00132 0.00178 1.72738
 14.50   44043 0.06921  1.5547 8.78736 0.00085 0.00114 1.85339
 15.50   22513 0.05857  1.7212 11.61076 0.00042 0.00056 2.02195
 16.50    8940 0.04780  1.8967 15.86414 0.00015 0.00020 2.18412
 17.50    2002 0.03292  2.0676 37.08541 0.00003 0.00004 2.32242
 18.50      77 0.03831  2.2502 31.25620 0.00001 0.00001 3.11140
 19.50       0 0.00000  0.0000 0.00000 0.00000 0.00000 0.00000
 20.50       0 0.00000  0.0000 0.00000 0.00000 0.00000 0.00000
 21.50       0 0.00000  0.0000 0.00000 0.00000 0.00000 0.00000
 22.50       0 0.00000  0.0000 0.00000 0.00000 0.00000 0.00000
 23.50       0 0.00000  0.0000 0.00000 0.00000 0.00000 0.00000
