  0.50    1519 0.06933  0.0338 9.28678 0.00100 0.00129 4.33393
  1.50    2832 0.06851  0.1073 9.43492 0.00093 0.00120 0.25103
  2.50    7592 0.06802  0.1710 9.64247 0.00098 0.00127 0.24703
  3.50    7547 0.06747  0.2442 9.78063 0.00096 0.00124 0.35153
  4.50   10964 0.06946  0.3087 9.23908 0.00098 0.00127 0.41528
  5.50   12969 0.07057  0.3754 8.95878 0.00100 0.00129 0.49469
  6.50   18642 0.07002  0.4527 9.12493 0.00102 0.00131 0.57240
  7.50   22813 0.07061  0.5356 8.96970 0.00102 0.00132 0.66768
  8.50   21858 0.07118  0.6133 8.83777 0.00102 0.00132 0.77219
  9.50   28051 0.07066  0.6907 8.95618 0.00101 0.00131 0.85309
 10.50   32748 0.07125  0.7757 8.79801 0.00100 0.00130 0.95114
 11.50   31283 0.07048  0.8554 8.97450 0.00098 0.00127 1.05340
 12.50   45810 0.06848  0.9503 9.50112 0.00095 0.00123 1.14250
 13.50   37367 0.06661  1.0454 9.97329 0.00089 0.00115 1.26793
 14.50   47593 0.06477  1.1379 10.44340 0.00083 0.00106 1.35822
 15.50   42894 0.06197  1.2327 11.23800 0.00074 0.00095 1.47038
 16.50   41650 0.05894  1.3303 12.20970 0.00066 0.00084 1.57796
 17.50   39936 0.05518  1.4267 13.49475 0.00056 0.00071 1.67945
 18.50   31697 0.05104  1.5307 15.12982 0.00044 0.00056 1.79351
 19.50   31151 0.04587  1.6660 17.63916 0.00030 0.00038 1.91282
 20.50   16242 0.03991  1.8284 21.12055 0.00016 0.00020 2.08102
 21.50    6092 0.03431  2.0170 25.21541 0.00005 0.00007 2.27168
 22.50    1284 0.02624  2.2144 36.17205 0.00001 0.00001 2.46524
 23.50      45 0.01459  2.4104 84.65710 0.00000 0.00000 3.23374
