  0.50     236 0.03272  0.0436 31.58400 0.00011 0.00015 7.08210
  1.50     459 0.03332  0.0696 30.80285 0.00011 0.00014 0.15220
  2.50    1079 0.03391  0.1103 30.10834 0.00010 0.00014 0.14942
  3.50    1114 0.03327  0.1693 30.88054 0.00010 0.00014 0.22354
  4.50    1523 0.03475  0.2000 29.07319 0.00010 0.00013 0.24925
  5.50    1867 0.03321  0.2485 31.09121 0.00010 0.00014 0.30270
  6.50    2564 0.03433  0.2983 29.68963 0.00010 0.00014 0.34895
  7.50    3138 0.03486  0.3448 29.03412 0.00011 0.00014 0.39825
  8.50    3110 0.03507  0.3988 28.87013 0.00011 0.00015 0.46367
  9.50    3823 0.03550  0.4477 28.40828 0.00011 0.00015 0.51203
 10.50    4602 0.03655  0.4991 27.29752 0.00011 0.00015 0.56776
 11.50    4443 0.03614  0.5573 27.70079 0.00011 0.00015 0.63553
 12.50    6778 0.03708  0.6191 26.79421 0.00012 0.00016 0.69249
 13.50    5985 0.03804  0.6811 25.92587 0.00012 0.00017 0.77185
 14.50    7978 0.03867  0.7390 25.34654 0.00012 0.00016 0.82819
 15.50    8183 0.03904  0.8097 25.02827 0.00012 0.00017 0.91095
 16.50    8703 0.03928  0.8753 24.76225 0.00012 0.00017 0.98459
 17.50    9668 0.04007  0.9386 24.06663 0.00012 0.00017 1.05538
 18.50    9564 0.04025  1.0169 23.94335 0.00012 0.00016 1.14717
 19.50   13104 0.03994  1.0879 24.16914 0.00012 0.00016 1.21510
 20.50   12264 0.04123  1.1746 23.09343 0.00011 0.00015 1.31939
 21.50   12275 0.04096  1.2499 23.22946 0.00011 0.00015 1.40513
 22.50   12104 0.03978  1.3338 24.21706 0.00010 0.00014 1.49522
 23.50   11623 0.03927  1.4201 24.56384 0.00009 0.00012 1.59181
