  0.50    1160 0.04783  0.0342 17.10040 0.00066 0.00086 5.59480
  1.50    2404 0.04714  0.0885 17.53530 0.00068 0.00089 0.19092
  2.50    6072 0.04900  0.1594 16.56456 0.00068 0.00089 0.21731
  3.50    6365 0.04849  0.2194 16.80306 0.00071 0.00092 0.29980
  4.50    9061 0.04881  0.2772 16.63497 0.00071 0.00092 0.35502
  5.50   10561 0.04869  0.3404 16.68255 0.00071 0.00093 0.42671
  6.50   14917 0.05033  0.3988 15.80088 0.00072 0.00094 0.48426
  7.50   18643 0.05018  0.4775 15.90260 0.00074 0.00096 0.57096
  8.50   17821 0.05109  0.5447 15.43477 0.00074 0.00097 0.65660
  9.50   22860 0.05153  0.6189 15.26001 0.00074 0.00096 0.73392
 10.50   26929 0.05189  0.6954 15.03720 0.00074 0.00097 0.81919
 11.50   26762 0.05253  0.7729 14.74472 0.00075 0.00099 0.91491
 12.50   39086 0.05128  0.8597 15.33620 0.00073 0.00096 0.99755
 13.50   32607 0.05153  0.9526 15.17998 0.00071 0.00092 1.11646
 14.50   42739 0.05116  1.0478 15.30632 0.00067 0.00088 1.21225
 15.50   40016 0.05057  1.1489 15.58282 0.00062 0.00081 1.33065
 16.50   39593 0.04879  1.2508 16.47695 0.00056 0.00073 1.44303
 17.50   39243 0.04779  1.3560 16.87176 0.00049 0.00064 1.55738
 18.50   33642 0.04502  1.4687 18.41978 0.00041 0.00054 1.68252
 19.50   37294 0.04249  1.5899 19.92291 0.00032 0.00042 1.79696
 20.50   26657 0.03770  1.7367 23.48105 0.00023 0.00030 1.95272
 21.50   18048 0.03477  1.8982 25.88832 0.00015 0.00019 2.12620
 22.50   10657 0.03006  2.0568 31.15032 0.00008 0.00010 2.28219
 23.50    4834 0.02448  2.2420 43.39635 0.00003 0.00004 2.46367
