  0.50    1895 0.03029  0.0306 24.87330 0.00072 0.00071 8.69036
  1.50    3872 0.03035  0.0627 24.83405 0.00073 0.00072 0.12368
  2.50    9393 0.02989  0.0974 25.30518 0.00071 0.00070 0.12757
  3.50    9744 0.02953  0.1370 25.74776 0.00073 0.00072 0.18444
  4.50   13825 0.02989  0.1753 25.34474 0.00074 0.00072 0.21854
  5.50   16035 0.03024  0.2101 24.96534 0.00074 0.00073 0.25735
  6.50   21983 0.03014  0.2508 25.07777 0.00073 0.00072 0.29477
  7.50   26622 0.03033  0.2936 24.88101 0.00074 0.00073 0.33968
  8.50   25365 0.03094  0.3383 24.24946 0.00076 0.00075 0.39488
  9.50   32390 0.03075  0.3769 24.46693 0.00077 0.00075 0.43294
 10.50   37823 0.03101  0.4229 24.21894 0.00078 0.00076 0.48165
 11.50   36389 0.03126  0.4629 23.96249 0.00078 0.00077 0.53058
 12.50   54823 0.03160  0.5129 23.64865 0.00080 0.00079 0.57740
 13.50   46740 0.03199  0.5648 23.27839 0.00081 0.00080 0.64207
 14.50   63888 0.03240  0.6139 22.91061 0.00082 0.00081 0.69086
 15.50   64181 0.03276  0.6692 22.58890 0.00084 0.00083 0.75524
 16.50   69713 0.03306  0.7238 22.33665 0.00086 0.00084 0.81610
 17.50   78751 0.03357  0.7779 21.90263 0.00087 0.00086 0.87643
 18.50   79884 0.03371  0.8372 21.79865 0.00089 0.00088 0.94499
 19.50  111528 0.03433  0.9027 21.27694 0.00090 0.00089 1.01196
 20.50  109816 0.03473  0.9758 20.94877 0.00090 0.00089 1.09720
 21.50  113917 0.03532  1.0487 20.47114 0.00090 0.00089 1.18201
 22.50  121968 0.03559  1.1196 20.26971 0.00090 0.00090 1.26269
 23.50  129659 0.03563  1.1941 20.23768 0.00090 0.00089 1.34699
