  0.50     194 0.02695  0.0305 40.18930 0.00008 0.00011 7.94855
  1.50     381 0.02787  0.0696 38.50285 0.00008 0.00011 0.13927
  2.50     882 0.02782  0.1030 38.80946 0.00007 0.00010 0.13655
  3.50     883 0.02709  0.1443 39.95764 0.00007 0.00010 0.18967
  4.50    1298 0.02691  0.1866 40.29541 0.00008 0.00010 0.22813
  5.50    1420 0.02838  0.2115 37.68732 0.00007 0.00010 0.25598
  6.50    2012 0.02737  0.2655 39.42390 0.00007 0.00010 0.30670
  7.50    2585 0.02842  0.3054 37.97758 0.00008 0.00011 0.34854
  8.50    2384 0.02858  0.3511 37.35420 0.00008 0.00011 0.40338
  9.50    3127 0.02827  0.3931 37.99357 0.00008 0.00011 0.44362
 10.50    3564 0.02867  0.4407 37.27106 0.00008 0.00011 0.49333
 11.50    3498 0.02973  0.4823 35.75200 0.00008 0.00011 0.54411
 12.50    5143 0.02973  0.5378 35.63570 0.00008 0.00011 0.59450
 13.50    4485 0.03054  0.5912 34.39381 0.00008 0.00012 0.66031
 14.50    6253 0.03089  0.6456 33.92301 0.00009 0.00012 0.71237
 15.50    6272 0.03149  0.7002 33.13716 0.00009 0.00012 0.77566
 16.50    6780 0.03286  0.7565 31.31984 0.00009 0.00012 0.83945
 17.50    7718 0.03239  0.8190 31.92915 0.00009 0.00013 0.90665
 18.50    7759 0.03266  0.8748 31.59567 0.00009 0.00013 0.97064
 19.50   10599 0.03384  0.9454 30.11025 0.00009 0.00013 1.04162
 20.50   10395 0.03442  1.0170 29.45545 0.00009 0.00013 1.12545
 21.50   10558 0.03440  1.0926 29.47538 0.00009 0.00012 1.21093
 22.50   11134 0.03513  1.1601 28.69473 0.00009 0.00012 1.28739
 23.50   11377 0.03526  1.2320 28.43609 0.00009 0.00012 1.36755
