  0.50      46 0.02667  0.0351 46.33330 0.00002 0.00003 8.85409
  1.50     110 0.02464  0.0574 51.66595 0.00002 0.00003 0.11917
  2.50     266 0.02791  0.1001 44.57884 0.00002 0.00003 0.12778
  3.50     290 0.02749  0.1397 44.89498 0.00002 0.00003 0.18009
  4.50     419 0.02764  0.1537 45.39863 0.00002 0.00004 0.18905
  5.50     498 0.02570  0.1882 49.08351 0.00002 0.00004 0.22767
  6.50     613 0.02673  0.2341 47.04277 0.00002 0.00003 0.26944
  7.50     761 0.02816  0.2741 43.81912 0.00002 0.00003 0.31010
  8.50     762 0.02613  0.3137 48.19268 0.00002 0.00004 0.35691
  9.50     943 0.02776  0.3532 44.71638 0.00002 0.00004 0.39469
 10.50    1109 0.02849  0.3824 43.93685 0.00002 0.00004 0.42525
 11.50    1077 0.02777  0.4304 44.91196 0.00002 0.00004 0.47951
 12.50    1692 0.02728  0.4733 46.10278 0.00003 0.00004 0.51703
 13.50    1397 0.02735  0.5211 45.95575 0.00002 0.00004 0.57583
 14.50    2036 0.02905  0.5673 42.41197 0.00003 0.00004 0.62050
 15.50    2028 0.02877  0.6117 43.26715 0.00003 0.00004 0.67133
 16.50    2235 0.03045  0.6735 39.82635 0.00003 0.00004 0.73567
 17.50    2485 0.03073  0.7162 39.33804 0.00003 0.00004 0.78072
 18.50    2418 0.03224  0.7689 37.12846 0.00003 0.00004 0.84168
 19.50    3383 0.03194  0.8221 37.56921 0.00003 0.00004 0.89137
 20.50    3380 0.03306  0.8991 36.00586 0.00003 0.00005 0.97918
 21.50    3491 0.03281  0.9548 36.04221 0.00003 0.00005 1.04039
 22.50    3715 0.03477  1.0178 33.33014 0.00003 0.00005 1.11289
 23.50    3950 0.03476  1.0816 33.54027 0.00003 0.00005 1.18403
