  0.50      57 0.02845  0.0436 42.91090 0.00002 0.00004 8.40505
  1.50     133 0.02866  0.0492 42.81630 0.00003 0.00004 0.11898
  2.50     324 0.03207  0.1156 37.24776 0.00003 0.00004 0.14596
  3.50     353 0.02902  0.1365 42.18986 0.00003 0.00004 0.18068
  4.50     493 0.03033  0.1677 39.89579 0.00003 0.00004 0.20711
  5.50     568 0.02955  0.1953 41.34678 0.00003 0.00004 0.23848
  6.50     767 0.03125  0.2541 38.41720 0.00003 0.00004 0.29241
  7.50     952 0.02991  0.2922 41.26064 0.00003 0.00004 0.33213
  8.50     942 0.03007  0.3378 40.46561 0.00003 0.00005 0.38608
  9.50    1157 0.03024  0.3771 40.04957 0.00003 0.00005 0.42423
 10.50    1461 0.03146  0.4166 38.82762 0.00003 0.00005 0.46481
 11.50    1322 0.03082  0.4641 39.57960 0.00003 0.00005 0.52091
 12.50    2090 0.03172  0.5166 37.92581 0.00003 0.00005 0.56830
 13.50    1800 0.03117  0.5640 38.79812 0.00003 0.00005 0.62794
 14.50    2496 0.03278  0.6155 36.33154 0.00003 0.00005 0.67652
 15.50    2580 0.03335  0.6710 35.48921 0.00004 0.00006 0.73779
 16.50    2747 0.03350  0.7230 35.28070 0.00004 0.00006 0.79462
 17.50    3031 0.03587  0.7806 32.33894 0.00004 0.00006 0.85845
 18.50    2995 0.03497  0.8401 33.31362 0.00004 0.00006 0.92578
 19.50    4150 0.03638  0.9061 31.56191 0.00004 0.00006 0.99035
 20.50    4212 0.03624  0.9738 31.66672 0.00004 0.00006 1.06694
 21.50    4233 0.03732  1.0420 30.44493 0.00004 0.00006 1.14618
 22.50    4411 0.03700  1.1140 30.80959 0.00003 0.00006 1.22606
 23.50    4572 0.03722  1.1833 30.47902 0.00003 0.00005 1.30406
