  0.50    2407 0.07830  0.0595 7.15222 0.00167 0.00225 4.04651
  1.50    4892 0.07591  0.1184 7.70895 0.00169 0.00227 0.26128
  2.50   12788 0.07800  0.1905 7.27182 0.00174 0.00235 0.27485
  3.50   13093 0.07730  0.2652 7.43226 0.00176 0.00237 0.38083
  4.50   18580 0.07833  0.3387 7.19388 0.00175 0.00236 0.45543
  5.50   21763 0.07965  0.4065 6.91023 0.00175 0.00236 0.53774
  6.50   30930 0.07909  0.4882 7.03160 0.00175 0.00237 0.62173
  7.50   37665 0.07869  0.5806 7.11927 0.00174 0.00235 0.72917
  8.50   35630 0.07913  0.6689 7.00164 0.00171 0.00231 0.84461
  9.50   44881 0.07809  0.7525 7.20776 0.00166 0.00224 0.93393
 10.50   51262 0.07722  0.8477 7.36295 0.00160 0.00215 1.04101
 11.50   47345 0.07516  0.9427 7.79567 0.00149 0.00201 1.15972
 12.50   65428 0.07261  1.0444 8.33890 0.00137 0.00183 1.25520
 13.50   50416 0.06964  1.1609 9.01537 0.00120 0.00161 1.40191
 14.50   60263 0.06667  1.2704 9.70947 0.00103 0.00138 1.50819
 15.50   49312 0.06233  1.3962 10.89972 0.00083 0.00110 1.64821
 16.50   40695 0.05714  1.5236 12.53953 0.00062 0.00082 1.78356
 17.50   32620 0.05148  1.6615 14.72802 0.00043 0.00057 1.92246
 18.50   19919 0.04631  1.8126 17.12158 0.00026 0.00034 2.08158
 19.50   12888 0.03944  2.0031 21.33675 0.00012 0.00015 2.25210
 20.50    3537 0.02828  2.2205 42.82734 0.00003 0.00004 2.46453
 21.50     418 0.01634  2.3781 103.09518 0.00001 0.00001 2.66558
 22.50       0 0.00000  0.0000 0.00000 0.00000 0.00000 0.00000
 23.50       0 0.00000  0.0000 0.00000 0.00000 0.00000 0.00000
