  0.50      60 0.02546  0.0516 49.47470 0.00002 0.00004 8.13330
  1.50     150 0.03395  0.0578 34.24520 0.00003 0.00005 0.12309
  2.50     365 0.03329  0.1119 35.44750 0.00003 0.00005 0.14426
  3.50     376 0.03119  0.1360 38.56006 0.00003 0.00005 0.18058
  4.50     545 0.03094  0.1772 39.23764 0.00003 0.00005 0.21927
  5.50     623 0.03230  0.2061 37.14489 0.00003 0.00005 0.25226
  6.50     864 0.03297  0.2648 35.96577 0.00003 0.00005 0.30545
  7.50    1123 0.03195  0.3073 37.78222 0.00003 0.00005 0.34977
  8.50     966 0.03166  0.3511 37.77512 0.00003 0.00005 0.40237
  9.50    1355 0.03237  0.3903 37.03725 0.00004 0.00006 0.44081
 10.50    1585 0.03332  0.4356 35.59184 0.00004 0.00006 0.48763
 11.50    1523 0.03191  0.4859 37.77262 0.00004 0.00006 0.54615
 12.50    2357 0.03338  0.5375 35.52322 0.00004 0.00006 0.59330
 13.50    2087 0.03418  0.5913 34.41813 0.00004 0.00006 0.66048
 14.50    2792 0.03489  0.6401 33.49001 0.00004 0.00006 0.70489
 15.50    2852 0.03467  0.7011 33.94823 0.00004 0.00006 0.77253
 16.50    3047 0.03718  0.7571 30.57276 0.00004 0.00006 0.83707
 17.50    3270 0.03715  0.8149 30.62290 0.00004 0.00006 0.89904
 18.50    3404 0.03736  0.8802 30.65658 0.00004 0.00006 0.97353
 19.50    4664 0.03771  0.9450 30.16029 0.00004 0.00006 1.03611
 20.50    4501 0.03934  1.0221 28.38471 0.00004 0.00006 1.12691
 21.50    4644 0.03880  1.0910 28.92113 0.00004 0.00006 1.20395
 22.50    4793 0.03886  1.1589 28.77089 0.00004 0.00006 1.28074
 23.50    4792 0.03914  1.2392 28.61271 0.00004 0.00006 1.37040
