  0.50   13781 0.06109  0.0465 4.81274 0.00819 0.00006 0.93461
  1.50   27875 0.06084  0.1038 4.85999 0.00825 0.00003 0.29777
  2.50   70602 0.06105  0.1709 4.82880 0.00828 0.00001 0.28880
  3.50   72077 0.06101  0.2393 4.84297 0.00834 0.00001 0.40441
  4.50  103739 0.06154  0.3044 4.77010 0.00844 0.00001 0.47786
  5.50  121443 0.06190  0.3731 4.71682 0.00846 0.00001 0.57410
  6.50  172565 0.06237  0.4458 4.65145 0.00853 0.00001 0.65990
  7.50  212135 0.06282  0.5274 4.58992 0.00859 0.00001 0.76994
  8.50  203955 0.06307  0.6068 4.55831 0.00865 0.00001 0.89451
  9.50  264521 0.06338  0.6884 4.51194 0.00864 0.00000 0.99788
 10.50  312294 0.06358  0.7770 4.48079 0.00863 0.00000 1.11809
 11.50  303816 0.06363  0.8676 4.46225 0.00854 0.00000 1.25576
 12.50  452806 0.06348  0.9674 4.47132 0.00842 0.00000 1.37085
 13.50  382788 0.06306  1.0732 4.50566 0.00817 0.00000 1.53662
 14.50  507567 0.06231  1.1789 4.57692 0.00781 0.00000 1.66125
 15.50  486215 0.06110  1.2950 4.70916 0.00736 0.00000 1.82123
 16.50  497055 0.05934  1.4130 4.92296 0.00683 0.00000 1.97205
 17.50  515565 0.05731  1.5350 5.18202 0.00620 0.00000 2.11942
 18.50  465588 0.05480  1.6601 5.53229 0.00550 0.00000 2.27571
 19.50  562117 0.05177  1.8090 5.98091 0.00463 0.00000 2.42552
 20.50  448736 0.04788  1.9804 6.64852 0.00365 0.00000 2.62036
 21.50  349695 0.04381  2.1636 7.43270 0.00265 0.00000 2.81465
 22.50  248686 0.03921  2.3550 8.49207 0.00171 0.00000 2.99921
 23.50  143033 0.03439  2.5694 9.80202 0.00089 0.00000 3.19622
