  0.50    2505 0.03715  0.0294 19.26190 0.00108 0.00107 7.57649
  1.50    4792 0.03773  0.0664 18.73225 0.00103 0.00102 0.13881
  2.50   12619 0.03775  0.1142 18.79572 0.00108 0.00107 0.15587
  3.50   12857 0.03759  0.1597 18.91656 0.00109 0.00109 0.21756
  4.50   17749 0.03799  0.1992 18.60620 0.00107 0.00107 0.25271
  5.50   20810 0.03800  0.2436 18.62803 0.00109 0.00108 0.30243
  6.50   29513 0.03846  0.2931 18.30872 0.00111 0.00110 0.35036
  7.50   35430 0.03876  0.3421 18.11031 0.00111 0.00111 0.40406
  8.50   33950 0.03869  0.3912 18.17300 0.00114 0.00113 0.46593
  9.50   43267 0.03900  0.4398 17.97772 0.00114 0.00113 0.51508
 10.50   51324 0.03971  0.4918 17.54011 0.00117 0.00116 0.57274
 11.50   49624 0.03958  0.5439 17.62566 0.00117 0.00117 0.63561
 12.50   74267 0.04030  0.6050 17.19351 0.00119 0.00119 0.69598
 13.50   64330 0.04060  0.6632 17.02522 0.00122 0.00121 0.77055
 14.50   88404 0.04111  0.7273 16.73498 0.00123 0.00123 0.83591
 15.50   89081 0.04132  0.7936 16.62856 0.00125 0.00125 0.91440
 16.50   97534 0.04181  0.8612 16.35907 0.00127 0.00127 0.99293
 17.50  107897 0.04217  0.9309 16.14380 0.00126 0.00126 1.07171
 18.50  107951 0.04257  1.0027 15.92303 0.00126 0.00127 1.15797
 19.50  150076 0.04273  1.0833 15.82543 0.00125 0.00126 1.24133
 20.50  146408 0.04259  1.1713 15.90344 0.00124 0.00124 1.34527
 21.50  148237 0.04249  1.2611 15.93318 0.00120 0.00120 1.44948
 22.50  153552 0.04199  1.3467 16.17832 0.00116 0.00116 1.54645
 23.50  155857 0.04151  1.4388 16.40702 0.00109 0.00109 1.65058
