  0.50      19 0.01177  0.0182 131.92000 0.00001 0.00001 9.08410
  1.50      27 0.01699  0.0332 88.11360 0.00000 0.00001 0.08662
  2.50      78 0.01599  0.0788 100.87878 0.00001 0.00001 0.10392
  3.50      60 0.01346  0.1270 120.70568 0.00001 0.00001 0.17305
  4.50     118 0.01907  0.1559 77.77901 0.00001 0.00001 0.18806
  5.50     136 0.01501  0.1910 103.01490 0.00001 0.00001 0.22539
  6.50     178 0.01723  0.2278 88.21641 0.00001 0.00001 0.26221
  7.50     230 0.01447  0.2531 108.40925 0.00001 0.00001 0.28688
  8.50     226 0.01717  0.2872 90.90173 0.00001 0.00001 0.32496
  9.50     274 0.01618  0.3353 98.69476 0.00001 0.00001 0.37253
 10.50     320 0.01637  0.3733 95.84578 0.00001 0.00001 0.40630
 11.50     323 0.01754  0.4026 88.57924 0.00001 0.00001 0.44185
 12.50     488 0.01872  0.4362 80.82479 0.00001 0.00001 0.47035
 13.50     409 0.02056  0.4939 72.43555 0.00001 0.00001 0.53854
 14.50     575 0.01755  0.5304 88.49436 0.00001 0.00001 0.56963
 15.50     523 0.01872  0.5898 83.82345 0.00001 0.00001 0.63617
 16.50     604 0.01875  0.6208 81.44970 0.00001 0.00001 0.67055
 17.50     695 0.01875  0.6647 81.21185 0.00001 0.00001 0.71826
 18.50     693 0.01902  0.7041 79.92956 0.00001 0.00001 0.76509
 19.50     945 0.01826  0.7611 86.23509 0.00001 0.00001 0.81670
 20.50     943 0.02127  0.8236 70.73947 0.00001 0.00001 0.88364
 21.50    1061 0.02357  0.8755 62.59070 0.00001 0.00002 0.94225
 22.50    1059 0.02437  0.9452 58.79516 0.00001 0.00001 1.01751
 23.50    1100 0.02424  0.9966 60.07566 0.00001 0.00001 1.07141
