  0.50     689 0.08793  0.0490 6.34744 0.00054 0.00078 2.86780
  1.50    1429 0.08957  0.1279 6.07921 0.00055 0.00081 0.30557
  2.50    3705 0.09150  0.2034 5.76236 0.00057 0.00083 0.30241
  3.50    3591 0.08948  0.2932 6.07317 0.00054 0.00079 0.43334
  4.50    5357 0.09019  0.3670 5.98983 0.00056 0.00082 0.50619
  5.50    6253 0.09192  0.4501 5.66877 0.00056 0.00082 0.60911
  6.50    8872 0.09044  0.5348 5.93568 0.00056 0.00081 0.69643
  7.50   10729 0.08973  0.6294 6.04550 0.00055 0.00080 0.80541
  8.50    9970 0.08801  0.7175 6.33001 0.00053 0.00077 0.92267
  9.50   12626 0.08548  0.8003 6.78667 0.00051 0.00075 1.00750
 10.50   13978 0.08543  0.9002 6.71591 0.00048 0.00069 1.11821
 11.50   12817 0.08399  0.9909 6.94023 0.00044 0.00064 1.23266
 12.50   16946 0.08177  1.0921 7.30150 0.00039 0.00056 1.32489
 13.50   13104 0.07664  1.1899 8.38858 0.00035 0.00050 1.44876
 14.50   15471 0.07207  1.2780 9.41549 0.00030 0.00042 1.52907
 15.50   12356 0.06528  1.3865 11.22681 0.00024 0.00033 1.64624
 16.50    9621 0.05796  1.4986 13.61008 0.00017 0.00023 1.75851
 17.50    6460 0.05100  1.6231 16.53970 0.00010 0.00014 1.87551
 18.50    2815 0.04461  1.7899 19.60120 0.00004 0.00006 2.04664
 19.50     793 0.03656  1.9288 26.48880 0.00001 0.00001 2.16858
 20.50       0 0.00000  0.0000 0.00000 0.00000 0.00000 0.00000
 21.50       0 0.00000  0.0000 0.00000 0.00000 0.00000 0.00000
 22.50       0 0.00000  0.0000 0.00000 0.00000 0.00000 0.00000
 23.50       0 0.00000  0.0000 0.00000 0.00000 0.00000 0.00000
