  0.50    3056 0.02022  0.0246 20.79780 0.00095 0.00001 1.63289
  1.50    6316 0.01983  0.0493 21.38975 0.00099 0.00000 0.11176
  2.50   15565 0.02019  0.0819 20.87320 0.00097 0.00000 0.11301
  3.50   15708 0.02015  0.1147 20.93426 0.00098 0.00000 0.15794
  4.50   22177 0.02023  0.1448 20.81910 0.00098 0.00000 0.18598
  5.50   25694 0.02036  0.1747 20.66313 0.00099 0.00000 0.21961
  6.50   35516 0.02026  0.2085 20.79751 0.00099 0.00000 0.25176
  7.50   42748 0.02045  0.2415 20.55108 0.00100 0.00000 0.28747
  8.50   40171 0.02062  0.2766 20.35395 0.00101 0.00000 0.33200
  9.50   51836 0.02074  0.3081 20.23583 0.00103 0.00000 0.36305
 10.50   59477 0.02094  0.3441 19.98849 0.00103 0.00000 0.40259
 11.50   57768 0.02099  0.3790 19.95200 0.00105 0.00000 0.44549
 12.50   84807 0.02129  0.4167 19.60971 0.00106 0.00000 0.48053
 13.50   72645 0.02146  0.4551 19.42855 0.00109 0.00000 0.53060
 14.50   98747 0.02182  0.4950 19.03992 0.00111 0.00000 0.57018
 15.50   97416 0.02201  0.5358 18.83957 0.00112 0.00000 0.61934
 16.50  105407 0.02233  0.5781 18.51183 0.00114 0.00000 0.66797
 17.50  118113 0.02271  0.6209 18.13083 0.00116 0.00000 0.71690
 18.50  117931 0.02305  0.6633 17.80947 0.00118 0.00000 0.76856
 19.50  166005 0.02352  0.7146 17.37208 0.00121 0.00000 0.82135
 20.50  164361 0.02386  0.7662 17.07444 0.00124 0.00000 0.88454
 21.50  172646 0.02433  0.8207 16.66719 0.00126 0.00000 0.95029
 22.50  186057 0.02481  0.8760 16.25556 0.00129 0.00000 1.01635
 23.50  201621 0.02520  0.9337 15.94615 0.00132 0.00000 1.08549
