  0.50       0 0.00000  0.0000 0.00000 0.00000 0.00000 0.00000
  1.50       0 0.00000  0.0000 0.00000 0.00000 0.00000 0.00000
  2.50       0 0.00000  0.0000 0.00000 0.00000 0.00000 0.00000
  3.50       0 0.00000  0.0000 0.00000 0.00000 0.00000 0.00000
  4.50       0 0.00000  0.0000 0.00000 0.00000 0.00000 0.00000
  5.50       0 0.00000  0.0000 0.00000 0.00000 0.00000 0.00000
  6.50    1707 0.15684  0.7268 -1.93325 0.00057 0.00095 1.42861
  7.50   19477 0.15491  0.8479 -1.03321 0.00143 0.00236 1.19323
  8.50   27186 0.14270  0.9405 0.48622 0.00206 0.00335 1.30813
  9.50   28412 0.12593  1.0684 1.76114 0.00162 0.00258 1.42008
 10.50   24993 0.10959  1.1931 3.32459 0.00118 0.00185 1.53715
 11.50   16331 0.09390  1.3005 5.25618 0.00078 0.00120 1.64790
 12.50   12473 0.08346  1.4271 6.61148 0.00039 0.00059 1.72914
 13.50    2911 0.06347  1.5837 11.65756 0.00010 0.00015 1.87737
 14.50     414 0.05321  1.6846 14.59954 0.00002 0.00003 2.01400
 15.50       0 0.00000  0.0000 0.00000 0.00000 0.00000 0.00000
 16.50       0 0.00000  0.0000 0.00000 0.00000 0.00000 0.00000
 17.50       0 0.00000  0.0000 0.00000 0.00000 0.00000 0.00000
 18.50       0 0.00000  0.0000 0.00000 0.00000 0.00000 0.00000
 19.50       0 0.00000  0.0000 0.00000 0.00000 0.00000 0.00000
 20.50       0 0.00000  0.0000 0.00000 0.00000 0.00000 0.00000
 21.50       0 0.00000  0.0000 0.00000 0.00000 0.00000 0.00000
 22.50       0 0.00000  0.0000 0.00000 0.00000 0.00000 0.00000
 23.50       0 0.00000  0.0000 0.00000 0.00000 0.00000 0.00000
