  0.50     889 0.04325  0.0395 19.67350 0.00046 0.00058 6.15599
  1.50    1758 0.04222  0.0858 20.37570 0.00046 0.00057 0.18830
  2.50    4314 0.04336  0.1347 19.59982 0.00045 0.00056 0.18588
  3.50    4485 0.04322  0.1885 19.70374 0.00046 0.00058 0.25884
  4.50    6326 0.04277  0.2362 20.01476 0.00046 0.00057 0.30306
  5.50    7419 0.04315  0.2882 19.75755 0.00046 0.00058 0.36219
  6.50   10518 0.04397  0.3458 19.22477 0.00047 0.00059 0.41706
  7.50   12973 0.04406  0.4037 19.20995 0.00048 0.00060 0.48030
  8.50   12512 0.04469  0.4646 18.81348 0.00049 0.00062 0.55705
  9.50   16255 0.04585  0.5294 18.11659 0.00050 0.00063 0.62414
 10.50   18975 0.04599  0.5910 18.03613 0.00050 0.00063 0.69169
 11.50   18830 0.04646  0.6573 17.76610 0.00051 0.00064 0.77366
 12.50   28315 0.04692  0.7272 17.51023 0.00052 0.00065 0.83962
 13.50   24106 0.04778  0.8032 16.99270 0.00052 0.00065 0.93902
 14.50   33170 0.04819  0.8780 16.77884 0.00052 0.00065 1.01420
 15.50   32441 0.04826  0.9599 16.72301 0.00051 0.00064 1.11188
 16.50   34835 0.04776  1.0401 17.00584 0.00050 0.00063 1.20364
 17.50   37751 0.04742  1.1193 17.17933 0.00048 0.00061 1.29261
 18.50   36075 0.04690  1.2038 17.42709 0.00046 0.00058 1.39206
 19.50   46671 0.04620  1.2892 17.76933 0.00043 0.00054 1.47568
 20.50   41716 0.04437  1.3897 18.83401 0.00038 0.00048 1.59046
 21.50   37586 0.04251  1.4908 19.89475 0.00033 0.00041 1.70305
 22.50   33136 0.04014  1.5974 21.41723 0.00027 0.00034 1.81548
 23.50   26266 0.03717  1.7264 23.63036 0.00020 0.00024 1.95008
