  0.50    9836 0.13175  0.0698 1.15549 0.00943 0.01100 0.82917
  1.50   19747 0.13114  0.1504 1.19090 0.00939 0.01093 0.40229
  2.50   49467 0.13066  0.2494 1.20723 0.00923 0.01074 0.42456
  3.50   50345 0.13043  0.3471 1.21414 0.00915 0.01064 0.59101
  4.50   71906 0.12882  0.4356 1.31717 0.00905 0.01050 0.69176
  5.50   83130 0.12640  0.5268 1.46568 0.00884 0.01021 0.81429
  6.50  114435 0.12273  0.6282 1.69932 0.00847 0.00973 0.92982
  7.50  133780 0.11750  0.7392 2.05303 0.00795 0.00906 1.06540
  8.50  121061 0.11219  0.8426 2.44127 0.00741 0.00837 1.20801
  9.50  146991 0.10596  0.9526 2.94340 0.00682 0.00762 1.32372
 10.50  156802 0.09866  1.0678 3.60060 0.00606 0.00669 1.44707
 11.50  136214 0.09130  1.1832 4.35861 0.00528 0.00576 1.58459
 12.50  173774 0.08244  1.3072 5.46116 0.00442 0.00475 1.68503
 13.50  118923 0.07335  1.4379 6.80734 0.00344 0.00364 1.83323
 14.50  114520 0.06382  1.5737 8.58349 0.00237 0.00247 1.94106
 15.50   59538 0.05648  1.7329 9.98797 0.00120 0.00123 2.12282
 16.50   20967 0.04662  1.9050 12.58975 0.00038 0.00038 2.34335
 17.50    3568 0.03658  2.0783 16.82172 0.00006 0.00006 2.39191
 18.50      98 0.02806  2.2501 24.05990 0.00001 0.00001 2.45563
 19.50       0 0.00000  0.0000 0.00000 0.00000 0.00000 0.00000
 20.50       0 0.00000  0.0000 0.00000 0.00000 0.00000 0.00000
 21.50       0 0.00000  0.0000 0.00000 0.00000 0.00000 0.00000
 22.50       0 0.00000  0.0000 0.00000 0.00000 0.00000 0.00000
 23.50       0 0.00000  0.0000 0.00000 0.00000 0.00000 0.00000
