  0.50    1650 0.02655  0.0325 29.23570 0.00059 0.00058 9.11878
  1.50    3382 0.02744  0.0592 28.07525 0.00060 0.00059 0.10654
  2.50    8347 0.02685  0.0920 28.83530 0.00059 0.00058 0.11899
  3.50    8577 0.02686  0.1282 28.85954 0.00061 0.00059 0.17150
  4.50   12026 0.02675  0.1628 29.00366 0.00061 0.00059 0.20069
  5.50   14065 0.02687  0.1975 28.88726 0.00062 0.00060 0.23911
  6.50   19416 0.02704  0.2343 28.61991 0.00061 0.00060 0.27411
  7.50   23434 0.02734  0.2740 28.24658 0.00062 0.00061 0.31497
  8.50   21851 0.02746  0.3139 28.09030 0.00062 0.00061 0.36294
  9.50   28543 0.02758  0.3533 27.96339 0.00064 0.00063 0.40298
 10.50   32818 0.02757  0.3921 27.97967 0.00064 0.00063 0.44375
 11.50   31770 0.02805  0.4336 27.38172 0.00065 0.00064 0.49250
 12.50   47111 0.02834  0.4745 27.04140 0.00066 0.00065 0.52959
 13.50   40228 0.02845  0.5233 26.91947 0.00067 0.00066 0.59018
 14.50   55136 0.02874  0.5702 26.59282 0.00068 0.00067 0.63558
 15.50   54695 0.02925  0.6184 26.00746 0.00069 0.00068 0.69214
 16.50   59573 0.02945  0.6680 25.79841 0.00071 0.00069 0.74653
 17.50   67408 0.02994  0.7179 25.27341 0.00072 0.00071 0.80137
 18.50   67397 0.03044  0.7682 24.74497 0.00073 0.00072 0.85975
 19.50   95444 0.03068  0.8298 24.51958 0.00075 0.00074 0.92154
 20.50   94430 0.03100  0.8947 24.20188 0.00076 0.00075 0.99632
 21.50   98409 0.03161  0.9596 23.59978 0.00077 0.00076 1.07081
 22.50  105299 0.03200  1.0246 23.22438 0.00077 0.00076 1.14441
 23.50  112692 0.03250  1.0932 22.75280 0.00078 0.00077 1.22227
