  0.50    4468 0.06261  0.0437 8.99110 0.00266 0.00276 5.05642
  1.50    8956 0.06115  0.0956 9.38454 0.00265 0.00275 0.23889
  2.50   22881 0.06069  0.1612 9.52830 0.00269 0.00279 0.23251
  3.50   23254 0.06096  0.2269 9.45912 0.00270 0.00280 0.32492
  4.50   32838 0.06136  0.2856 9.34373 0.00268 0.00278 0.38712
  5.50   39060 0.06162  0.3470 9.29088 0.00275 0.00285 0.45847
  6.50   54927 0.06164  0.4142 9.28703 0.00275 0.00285 0.53025
  7.50   68032 0.06206  0.4904 9.19255 0.00280 0.00290 0.61884
  8.50   64777 0.06239  0.5633 9.10521 0.00280 0.00291 0.71608
  9.50   83947 0.06266  0.6375 9.03538 0.00281 0.00292 0.79788
 10.50   99132 0.06266  0.7166 9.04037 0.00282 0.00293 0.89074
 11.50   96486 0.06275  0.7956 9.01503 0.00281 0.00292 0.99369
 12.50  142403 0.06238  0.8818 9.09517 0.00276 0.00287 1.08057
 13.50  120420 0.06165  0.9767 9.27397 0.00270 0.00280 1.20624
 14.50  160091 0.06109  1.0682 9.39147 0.00260 0.00270 1.30193
 15.50  153986 0.06084  1.1670 9.41039 0.00248 0.00257 1.42119
 16.50  157472 0.06015  1.2661 9.53839 0.00232 0.00239 1.53402
 17.50  163881 0.05900  1.3673 9.79778 0.00213 0.00219 1.64530
 18.50  148606 0.05680  1.4715 10.36938 0.00191 0.00196 1.76516
 19.50  178109 0.05297  1.5951 11.49946 0.00161 0.00164 1.88201
 20.50  138820 0.04839  1.7306 13.07755 0.00125 0.00127 2.02761
 21.50  100813 0.04370  1.8830 14.93527 0.00086 0.00086 2.18597
 22.50   62868 0.03856  2.0473 17.45177 0.00049 0.00048 2.41156
 23.50   27625 0.03340  2.2355 20.50801 0.00019 0.00019 2.55623
