  0.50    1336 0.06091  0.0294 11.68440 0.00083 0.00107 4.73724
  1.50    2593 0.06318  0.1017 10.89100 0.00081 0.00104 0.23672
  2.50    6658 0.06133  0.1638 11.52916 0.00082 0.00105 0.23366
  3.50    6831 0.06091  0.2314 11.69118 0.00083 0.00107 0.32936
  4.50    9665 0.06204  0.2905 11.29824 0.00083 0.00106 0.38624
  5.50   11352 0.06279  0.3545 11.06214 0.00084 0.00107 0.46077
  6.50   16538 0.06355  0.4259 10.85861 0.00086 0.00111 0.53258
  7.50   20255 0.06379  0.5047 10.78526 0.00087 0.00112 0.62170
  8.50   19394 0.06459  0.5773 10.53444 0.00087 0.00113 0.71850
  9.50   25067 0.06480  0.6559 10.47332 0.00087 0.00112 0.80125
 10.50   29504 0.06493  0.7346 10.42886 0.00087 0.00112 0.89102
 11.50   28273 0.06538  0.8124 10.28130 0.00086 0.00110 0.99068
 12.50   41691 0.06445  0.8987 10.55199 0.00084 0.00108 1.07273
 13.50   35045 0.06283  0.9906 11.05012 0.00082 0.00105 1.19276
 14.50   45351 0.06143  1.0824 11.45537 0.00077 0.00099 1.28401
 15.50   42088 0.05985  1.1747 11.93189 0.00071 0.00091 1.39435
 16.50   41522 0.05757  1.2676 12.68993 0.00064 0.00082 1.49806
 17.50   41842 0.05499  1.3608 13.63516 0.00057 0.00073 1.59903
 18.50   35466 0.05186  1.4541 14.84183 0.00048 0.00061 1.70543
 19.50   38806 0.04740  1.5740 16.90315 0.00037 0.00047 1.81188
 20.50   25284 0.04246  1.7200 19.62500 0.00024 0.00030 1.96627
 21.50   14029 0.03702  1.8815 23.37190 0.00013 0.00016 2.13170
 22.50    5404 0.03220  2.0619 27.46434 0.00004 0.00005 2.31316
 23.50    1122 0.02564  2.2468 38.38976 0.00001 0.00001 2.50850
