  0.50    5227 0.07281  0.0427 6.90387 0.00344 0.00363 4.29549
  1.50   10667 0.07074  0.1080 7.34446 0.00349 0.00367 0.25766
  2.50   27281 0.07133  0.1795 7.23263 0.00353 0.00372 0.26287
  3.50   27668 0.07057  0.2486 7.39146 0.00353 0.00372 0.37006
  4.50   39392 0.07167  0.3166 7.16269 0.00353 0.00372 0.43940
  5.50   46414 0.07169  0.3855 7.16739 0.00356 0.00376 0.52435
  6.50   66215 0.07225  0.4596 7.06351 0.00360 0.00380 0.60394
  7.50   80767 0.07195  0.5452 7.12456 0.00359 0.00379 0.70499
  8.50   77350 0.07240  0.6270 7.03326 0.00359 0.00379 0.81720
  9.50   99851 0.07223  0.7064 7.06253 0.00358 0.00378 0.90632
 10.50  116346 0.07139  0.7934 7.22157 0.00353 0.00372 1.00853
 11.50  112554 0.07066  0.8822 7.36240 0.00347 0.00365 1.12378
 12.50  162199 0.06943  0.9751 7.58134 0.00332 0.00349 1.21741
 13.50  134595 0.06802  1.0794 7.85252 0.00316 0.00332 1.35529
 14.50  174718 0.06580  1.1771 8.31265 0.00297 0.00311 1.45382
 15.50  161358 0.06296  1.2865 8.93582 0.00271 0.00282 1.58210
 16.50  158410 0.06066  1.3956 9.43891 0.00243 0.00251 1.70377
 17.50  155949 0.05929  1.5091 9.68854 0.00210 0.00216 1.82060
 18.50  128552 0.05556  1.6280 10.65186 0.00170 0.00174 1.95074
 19.50  132348 0.04976  1.7706 12.47730 0.00123 0.00124 2.07842
 20.50   75249 0.04313  1.9486 15.01761 0.00069 0.00069 2.26767
 21.50   32268 0.03700  2.1375 17.96045 0.00027 0.00027 2.48524
 22.50    8463 0.03160  2.3331 21.13986 0.00007 0.00006 2.67008
 23.50     881 0.02276  2.4981 34.44432 0.00001 0.00001 2.72462
