  0.50   13854 0.03158  0.0303 3.60017 0.00468 0.00092 8.80311
  1.50   27602 0.03174  0.0669 3.56273 0.00465 0.00092 0.22307
  2.50   69729 0.03189  0.1059 3.54103 0.00468 0.00093 0.21748
  3.50   70217 0.03195  0.1476 3.53150 0.00469 0.00093 0.30266
  4.50   99160 0.03212  0.1847 3.50101 0.00471 0.00094 0.35368
  5.50  114686 0.03216  0.2232 3.49813 0.00473 0.00094 0.41833
  6.50  160807 0.03234  0.2673 3.47157 0.00477 0.00095 0.48268
  7.50  194989 0.03257  0.3108 3.44229 0.00484 0.00097 0.55415
  8.50  183324 0.03265  0.3546 3.43197 0.00486 0.00097 0.63790
  9.50  234914 0.03281  0.3995 3.41203 0.00491 0.00098 0.70729
 10.50  274906 0.03311  0.4459 3.37218 0.00499 0.00100 0.78564
 11.50  265696 0.03331  0.4923 3.34544 0.00503 0.00101 0.87411
 12.50  395089 0.03364  0.5425 3.29965 0.00510 0.00103 0.94792
 13.50  338629 0.03385  0.5987 3.27418 0.00517 0.00105 1.06005
 14.50  463465 0.03429  0.6509 3.21425 0.00525 0.00107 1.14493
 15.50  464224 0.03459  0.7106 3.17630 0.00533 0.00109 1.25894
 16.50  507103 0.03499  0.7704 3.12800 0.00543 0.00111 1.37043
 17.50  571442 0.03540  0.8312 3.07305 0.00550 0.00113 1.48368
 18.50  577468 0.03576  0.8956 3.03045 0.00559 0.00116 1.61074
 19.50  819584 0.03633  0.9673 2.95693 0.00569 0.00118 1.73630
 20.50  819285 0.03673  1.0497 2.91179 0.00578 0.00121 1.90012
 21.50  867365 0.03734  1.1328 2.83388 0.00588 0.00123 2.07110
 22.50  942041 0.03773  1.2201 2.78599 0.00593 0.00125 2.24215
 23.50 1024778 0.03819  1.3107 2.72878 0.00600 0.00127 2.42564
