  0.50      36 0.00835  0.0356 155.90500 0.00001 0.00002 10.27171
  1.50      59 0.01622  0.0351 80.15245 0.00001 0.00001 0.10316
  2.50     161 0.01411  0.0871 94.05778 0.00001 0.00001 0.11391
  3.50     158 0.01305  0.1289 131.21186 0.00001 0.00001 0.16336
  4.50     233 0.00927  0.1394 170.92223 0.00001 0.00001 0.16615
  5.50     254 0.01224  0.1816 134.88965 0.00001 0.00001 0.21505
  6.50     314 0.00996  0.1932 159.41605 0.00001 0.00001 0.22135
  7.50     463 0.01339  0.2265 117.00683 0.00001 0.00002 0.25737
  8.50     436 0.01194  0.2682 126.80905 0.00001 0.00002 0.30472
  9.50     575 0.01131  0.3092 129.82436 0.00001 0.00002 0.34004
 10.50     703 0.01303  0.3379 121.36665 0.00001 0.00002 0.36936
 11.50     646 0.01088  0.3734 143.24869 0.00001 0.00002 0.41000
 12.50     962 0.01253  0.4013 116.84367 0.00001 0.00002 0.43226
 13.50     823 0.01418  0.4504 106.63036 0.00001 0.00002 0.49057
 14.50    1171 0.01529  0.4892 89.74493 0.00001 0.00002 0.52640
 15.50    1186 0.01365  0.5253 106.89544 0.00001 0.00002 0.56601
 16.50    1308 0.01558  0.5605 85.46270 0.00001 0.00002 0.60508
 17.50    1529 0.01270  0.6102 115.53288 0.00002 0.00002 0.65590
 18.50    1529 0.01392  0.6439 99.39380 0.00002 0.00002 0.69458
 19.50    2211 0.01521  0.6962 90.12439 0.00002 0.00002 0.74444
 20.50    2330 0.01656  0.7487 78.91911 0.00002 0.00003 0.79974
 21.50    2441 0.01820  0.7917 74.20112 0.00002 0.00003 0.84828
 22.50    2618 0.01887  0.8498 64.94456 0.00002 0.00003 0.91125
 23.50    2937 0.01850  0.9048 65.99609 0.00002 0.00003 0.96834
