  0.50      49 0.01649  0.0416 73.40650 0.00002 0.00002 9.50164
  1.50     104 0.01963  0.0603 62.52745 0.00002 0.00003 0.11692
  2.50     252 0.01668  0.0922 74.61024 0.00002 0.00002 0.11823
  3.50     291 0.01871  0.1234 64.92002 0.00002 0.00003 0.16184
  4.50     395 0.01248  0.1638 105.17887 0.00002 0.00003 0.19487
  5.50     415 0.01615  0.1831 78.75201 0.00002 0.00002 0.21846
  6.50     643 0.01715  0.2199 72.06783 0.00002 0.00003 0.25230
  7.50     809 0.01745  0.2617 70.56122 0.00002 0.00003 0.29468
  8.50     731 0.01806  0.3016 69.40645 0.00002 0.00003 0.34102
  9.50     950 0.01661  0.3364 74.70261 0.00002 0.00003 0.37325
 10.50    1110 0.01725  0.3660 73.84220 0.00002 0.00003 0.40419
 11.50    1053 0.01833  0.4077 66.67391 0.00002 0.00003 0.45170
 12.50    1675 0.01939  0.4546 63.21445 0.00002 0.00003 0.49434
 13.50    1422 0.01717  0.4926 75.82589 0.00002 0.00003 0.53955
 14.50    1938 0.01853  0.5374 68.71049 0.00002 0.00003 0.58236
 15.50    1970 0.01868  0.5819 66.16465 0.00002 0.00003 0.63301
 16.50    2288 0.01898  0.6258 65.62766 0.00003 0.00004 0.68033
 17.50    2653 0.02046  0.6821 59.34070 0.00003 0.00004 0.73859
 18.50    2659 0.02184  0.7223 54.08105 0.00003 0.00004 0.78423
 19.50    3683 0.02130  0.7743 56.16277 0.00003 0.00004 0.83236
 20.50    3816 0.02317  0.8350 50.47678 0.00003 0.00004 0.90225
 21.50    4088 0.02416  0.9004 47.79426 0.00003 0.00005 0.97471
 22.50    4417 0.02351  0.9552 49.40230 0.00003 0.00005 1.03367
 23.50    4778 0.02438  1.0179 47.46984 0.00003 0.00005 1.10350
