  0.50      33 0.02511  0.0298 49.56510 0.00001 0.00002 9.53216
  1.50      81 0.02245  0.0488 59.83200 0.00001 0.00002 0.10840
  2.50     198 0.02088  0.0788 63.88126 0.00001 0.00002 0.10446
  3.50     202 0.02475  0.1206 51.30740 0.00001 0.00002 0.15684
  4.50     308 0.02157  0.1465 61.13719 0.00002 0.00002 0.17908
  5.50     373 0.02409  0.1771 53.86112 0.00002 0.00002 0.21162
  6.50     459 0.02231  0.2096 58.09075 0.00001 0.00002 0.24178
  7.50     561 0.02308  0.2455 57.43290 0.00001 0.00002 0.27800
  8.50     533 0.02400  0.2757 53.41534 0.00001 0.00002 0.31309
  9.50     676 0.02300  0.3258 56.05013 0.00001 0.00002 0.36157
 10.50     868 0.02393  0.3445 53.71166 0.00002 0.00003 0.37992
 11.50     754 0.02457  0.3874 52.08055 0.00002 0.00002 0.42938
 12.50    1162 0.02442  0.4245 53.45663 0.00002 0.00003 0.46118
 13.50    1017 0.02355  0.4580 55.06138 0.00002 0.00003 0.50293
 14.50    1414 0.02383  0.5078 54.59151 0.00002 0.00003 0.55002
 15.50    1402 0.02405  0.5512 53.49432 0.00002 0.00003 0.59923
 16.50    1673 0.02545  0.5935 50.41401 0.00002 0.00003 0.64583
 17.50    1680 0.02429  0.6339 52.99879 0.00002 0.00003 0.68908
 18.50    1805 0.02623  0.6818 49.19507 0.00002 0.00003 0.74105
 19.50    2592 0.02718  0.7346 45.99744 0.00002 0.00003 0.78930
 20.50    2428 0.02802  0.7835 44.35543 0.00002 0.00003 0.84520
 21.50    2492 0.02810  0.8406 44.15907 0.00002 0.00003 0.90764
 22.50    2749 0.02878  0.8969 42.86617 0.00002 0.00003 0.96959
 23.50    2894 0.02919  0.9553 41.91760 0.00002 0.00003 1.03252
