  0.50     384 0.02753  0.0234 33.45310 0.00015 0.00017 8.54203
  1.50     751 0.02767  0.0570 33.21095 0.00015 0.00017 0.12121
  2.50    1837 0.02820  0.0976 32.43194 0.00014 0.00017 0.12988
  3.50    1930 0.02787  0.1436 32.97790 0.00015 0.00017 0.18668
  4.50    2666 0.02816  0.1735 32.54421 0.00015 0.00017 0.21369
  5.50    3101 0.02820  0.2091 32.49261 0.00015 0.00017 0.25133
  6.50    4377 0.02811  0.2475 32.60574 0.00015 0.00017 0.28827
  7.50    5165 0.02840  0.2923 32.19368 0.00015 0.00017 0.33456
  8.50    4909 0.02898  0.3317 31.46214 0.00015 0.00018 0.38327
  9.50    6200 0.02860  0.3750 31.91949 0.00015 0.00018 0.42558
 10.50    7349 0.02890  0.4170 31.53730 0.00016 0.00018 0.47012
 11.50    7007 0.02961  0.4576 30.59858 0.00016 0.00018 0.51851
 12.50   10431 0.02983  0.5062 30.33837 0.00016 0.00018 0.56311
 13.50    9017 0.03020  0.5560 29.84984 0.00016 0.00019 0.62489
 14.50   12311 0.03068  0.6085 29.25849 0.00016 0.00019 0.67590
 15.50   12407 0.03083  0.6608 29.10319 0.00017 0.00020 0.73585
 16.50   13306 0.03192  0.7146 27.80972 0.00017 0.00020 0.79660
 17.50   14927 0.03140  0.7662 28.44706 0.00017 0.00020 0.85133
 18.50   14834 0.03177  0.8254 27.98578 0.00017 0.00020 0.91999
 19.50   20943 0.03236  0.8895 27.34043 0.00017 0.00020 0.98344
 20.50   20914 0.03329  0.9589 26.38238 0.00018 0.00021 1.06580
 21.50   21257 0.03345  1.0283 26.16501 0.00018 0.00020 1.14459
 22.50   22685 0.03414  1.0933 25.47640 0.00018 0.00021 1.21890
 23.50   24018 0.03416  1.1661 25.46785 0.00017 0.00020 1.29958
