  0.50      99 0.10203  0.0413 5.27280 0.00008 0.00014 3.17614
  1.50     185 0.08857  0.1121 7.92956 0.00007 0.00013 0.28077
  2.50     499 0.09051  0.1944 7.59549 0.00008 0.00014 0.27935
  3.50     490 0.09025  0.3166 7.64272 0.00007 0.00013 0.44306
  4.50     748 0.09337  0.3626 7.04024 0.00008 0.00014 0.48436
  5.50     877 0.09285  0.4340 7.15635 0.00008 0.00014 0.56385
  6.50    1255 0.09171  0.5118 7.45310 0.00008 0.00014 0.64229
  7.50    1426 0.09025  0.6270 7.62214 0.00007 0.00013 0.77010
  8.50    1381 0.08874  0.6866 8.08376 0.00007 0.00013 0.85231
  9.50    1797 0.08806  0.7830 8.31771 0.00007 0.00013 0.95076
 10.50    1970 0.08356  0.8779 9.22714 0.00007 0.00012 1.05215
 11.50    1773 0.08278  0.9606 9.30425 0.00006 0.00011 1.15751
 12.50    2428 0.07710  1.0566 10.84488 0.00006 0.00010 1.24126
 13.50    1762 0.07236  1.1432 12.23631 0.00005 0.00008 1.35399
 14.50    2042 0.06913  1.2347 13.26518 0.00004 0.00007 1.43809
 15.50    1701 0.06102  1.3321 16.71328 0.00003 0.00006 1.53701
 16.50    1237 0.05361  1.4219 20.72938 0.00002 0.00004 1.62571
 17.50     774 0.04752  1.5626 24.52811 0.00001 0.00002 1.76647
 18.50     212 0.03716  1.7213 37.40049 0.00001 0.00001 1.97415
 19.50       0 0.00000  0.0000 0.00000 0.00000 0.00000 0.00000
 20.50       0 0.00000  0.0000 0.00000 0.00000 0.00000 0.00000
 21.50       0 0.00000  0.0000 0.00000 0.00000 0.00000 0.00000
 22.50       0 0.00000  0.0000 0.00000 0.00000 0.00000 0.00000
 23.50       0 0.00000  0.0000 0.00000 0.00000 0.00000 0.00000
