  0.50     696 0.05838  0.0346 11.82520 0.00041 0.00050 5.16758
  1.50    1460 0.06177  0.1004 10.74205 0.00043 0.00052 0.21019
  2.50    3639 0.05931  0.1551 11.53710 0.00043 0.00052 0.21812
  3.50    3632 0.05906  0.2195 11.61674 0.00042 0.00051 0.30791
  4.50    5356 0.06084  0.2772 11.07106 0.00044 0.00053 0.36405
  5.50    6048 0.05991  0.3336 11.33452 0.00043 0.00051 0.43019
  6.50    8723 0.06150  0.4014 10.84396 0.00044 0.00053 0.49877
  7.50   10816 0.06188  0.4745 10.73760 0.00045 0.00054 0.58212
  8.50   10343 0.06271  0.5479 10.49166 0.00045 0.00054 0.67897
  9.50   13353 0.06275  0.6173 10.47108 0.00045 0.00055 0.75056
 10.50   15789 0.06337  0.6938 10.29640 0.00045 0.00055 0.83967
 11.50   15245 0.06220  0.7674 10.65860 0.00045 0.00054 0.93083
 12.50   22673 0.06281  0.8500 10.45602 0.00045 0.00054 1.01340
 13.50   19211 0.06185  0.9385 10.73229 0.00044 0.00053 1.12851
 14.50   25719 0.06142  1.0235 10.85022 0.00043 0.00052 1.21584
 15.50   25156 0.05967  1.1176 11.41758 0.00042 0.00050 1.32659
 16.50   25325 0.05874  1.2030 11.66480 0.00039 0.00046 1.42688
 17.50   26724 0.05670  1.2881 12.34546 0.00036 0.00043 1.51919
 18.50   24392 0.05381  1.3837 13.37865 0.00033 0.00039 1.62738
 19.50   29368 0.05023  1.4934 14.81251 0.00028 0.00033 1.72875
 20.50   22527 0.04628  1.6234 16.58506 0.00021 0.00025 1.86917
 21.50   15974 0.04174  1.7704 19.03780 0.00014 0.00017 2.02179
 22.50    9370 0.03639  1.9260 22.56925 0.00008 0.00009 2.17635
 23.50    3715 0.02981  2.1284 29.76234 0.00003 0.00003 2.37270
