  0.50     384 0.05214  0.0342 16.66200 0.00023 0.00032 5.12862
  1.50     763 0.05307  0.0740 16.15430 0.00023 0.00032 0.19292
  2.50    1893 0.05599  0.1574 14.74624 0.00022 0.00031 0.21703
  3.50    1887 0.05692  0.2176 14.32924 0.00022 0.00031 0.30091
  4.50    2732 0.05648  0.2745 14.53317 0.00022 0.00031 0.35504
  5.50    3305 0.05631  0.3392 14.65964 0.00023 0.00033 0.42766
  6.50    4553 0.05652  0.3951 14.53466 0.00023 0.00032 0.48106
  7.50    5734 0.05882  0.4703 13.60369 0.00024 0.00033 0.56635
  8.50    5456 0.05868  0.5459 13.69327 0.00024 0.00033 0.66169
  9.50    7078 0.05902  0.6091 13.55382 0.00024 0.00034 0.72565
 10.50    8495 0.05927  0.6857 13.46004 0.00025 0.00034 0.81153
 11.50    8184 0.05908  0.7619 13.52545 0.00024 0.00034 0.90585
 12.50   12109 0.05947  0.8403 13.35586 0.00024 0.00034 0.98051
 13.50   10212 0.05964  0.9219 13.27507 0.00024 0.00033 1.08935
 14.50   13503 0.05857  1.0071 13.67710 0.00023 0.00032 1.17311
 15.50   12711 0.05748  1.0932 14.05557 0.00021 0.00030 1.27531
 16.50   12814 0.05699  1.1835 14.20741 0.00020 0.00028 1.37859
 17.50   13311 0.05435  1.2568 15.38232 0.00018 0.00026 1.45592
 18.50   11966 0.05312  1.3485 15.85763 0.00016 0.00023 1.56438
 19.50   13829 0.04904  1.4502 17.86511 0.00013 0.00019 1.65449
 20.50   10151 0.04528  1.5840 19.92050 0.00010 0.00014 1.79883
 21.50    6780 0.04096  1.7157 22.72832 0.00006 0.00009 1.93656
 22.50    3828 0.03698  1.8888 25.86712 0.00003 0.00004 2.11207
 23.50    1349 0.03136  2.0627 32.09381 0.00001 0.00001 2.28684
