  0.50     498 0.03909  0.0395 21.36650 0.00023 0.00027 7.12497
  1.50     952 0.03830  0.0713 21.94625 0.00022 0.00026 0.15327
  2.50    2418 0.03839  0.1168 21.89426 0.00022 0.00026 0.15605
  3.50    2449 0.03698  0.1627 23.07462 0.00022 0.00026 0.22049
  4.50    3497 0.03801  0.2096 22.24684 0.00023 0.00027 0.26233
  5.50    4186 0.03824  0.2544 22.08049 0.00023 0.00028 0.31300
  6.50    5652 0.03832  0.3016 21.98509 0.00023 0.00027 0.35825
  7.50    6924 0.03881  0.3569 21.63673 0.00023 0.00027 0.41772
  8.50    6509 0.03907  0.4069 21.40702 0.00023 0.00027 0.48007
  9.50    8494 0.03874  0.4557 21.68595 0.00024 0.00028 0.52850
 10.50    9957 0.04028  0.5147 20.56875 0.00024 0.00028 0.59392
 11.50    9707 0.04121  0.5643 19.90952 0.00024 0.00029 0.65541
 12.50   14628 0.04072  0.6296 20.25638 0.00025 0.00029 0.71669
 13.50   12471 0.04160  0.6929 19.65458 0.00025 0.00029 0.79807
 14.50   17277 0.04197  0.7559 19.43096 0.00026 0.00030 0.86082
 15.50   17159 0.04213  0.8260 19.33212 0.00026 0.00030 0.94402
 16.50   18710 0.04281  0.8981 18.88917 0.00026 0.00030 1.02663
 17.50   20675 0.04290  0.9671 18.81301 0.00025 0.00030 1.10405
 18.50   20727 0.04250  1.0372 19.07237 0.00026 0.00030 1.18607
 19.50   28597 0.04316  1.1195 18.64423 0.00025 0.00030 1.27025
 20.50   27178 0.04286  1.2057 18.81043 0.00024 0.00029 1.37258
 21.50   26556 0.04244  1.2932 19.00686 0.00023 0.00027 1.47225
 22.50   26884 0.04169  1.3798 19.46440 0.00021 0.00025 1.56865
 23.50   26360 0.04031  1.4723 20.35974 0.00020 0.00023 1.66959
