  0.50     659 0.06714  0.0403 11.01830 0.00041 0.00061 4.91106
  1.50    1330 0.06629  0.1048 11.30745 0.00041 0.00061 0.23384
  2.50    3493 0.06562  0.1627 11.60454 0.00043 0.00064 0.22977
  3.50    3546 0.06628  0.2330 11.37322 0.00043 0.00064 0.32725
  4.50    5202 0.06719  0.2938 11.08934 0.00045 0.00066 0.38345
  5.50    5781 0.06703  0.3558 11.10361 0.00043 0.00063 0.45625
  6.50    8336 0.06921  0.4287 10.41998 0.00044 0.00065 0.52972
  7.50   10383 0.06831  0.4994 10.73885 0.00045 0.00066 0.60763
  8.50    9901 0.06900  0.5797 10.53088 0.00045 0.00066 0.71111
  9.50   12642 0.06916  0.6554 10.45593 0.00044 0.00066 0.78976
 10.50   14948 0.07061  0.7369 10.01859 0.00044 0.00066 0.88290
 11.50   14211 0.06852  0.8176 10.66250 0.00043 0.00064 0.98175
 12.50   20512 0.06869  0.9050 10.55859 0.00041 0.00061 1.06534
 13.50   17031 0.06702  0.9976 11.05609 0.00040 0.00059 1.18477
 14.50   21660 0.06653  1.0909 11.14674 0.00037 0.00054 1.27759
 15.50   19095 0.06400  1.1864 11.89887 0.00032 0.00047 1.38924
 16.50   18513 0.06193  1.2836 12.54900 0.00028 0.00042 1.49798
 17.50   17304 0.05859  1.3851 13.77055 0.00023 0.00035 1.60490
 18.50   13914 0.05588  1.4867 14.78285 0.00019 0.00027 1.71954
 19.50   13902 0.05318  1.6213 15.76674 0.00013 0.00019 1.84900
 20.50    7953 0.04771  1.7697 18.43607 0.00007 0.00011 2.00695
 21.50    3957 0.04145  1.9463 22.69276 0.00003 0.00005 2.18800
 22.50    1215 0.03631  2.1462 29.30917 0.00001 0.00001 2.39493
 23.50      63 0.03540  2.2676 31.34132 0.00000 0.00001 3.18135
