  0.50   17375 0.03603  0.0260 3.11993 0.00639 0.00132 8.65606
  1.50   34931 0.03657  0.0722 3.03763 0.00640 0.00133 0.26083
  2.50   87557 0.03655  0.1152 3.03957 0.00639 0.00133 0.25178
  3.50   88435 0.03673  0.1603 3.01602 0.00642 0.00134 0.35254
  4.50  125586 0.03680  0.2045 3.01153 0.00646 0.00135 0.41717
  5.50  145676 0.03692  0.2455 2.99924 0.00650 0.00136 0.49067
  6.50  204199 0.03715  0.2926 2.97144 0.00655 0.00137 0.56379
  7.50  248000 0.03725  0.3434 2.96924 0.00663 0.00139 0.65212
  8.50  234351 0.03762  0.3927 2.92022 0.00668 0.00141 0.75526
  9.50  301602 0.03775  0.4408 2.91306 0.00676 0.00143 0.83362
 10.50  353249 0.03811  0.4934 2.87388 0.00685 0.00145 0.92959
 11.50  342693 0.03837  0.5454 2.84422 0.00691 0.00147 1.03665
 12.50  513013 0.03867  0.6035 2.81644 0.00702 0.00150 1.12794
 13.50  440929 0.03909  0.6656 2.76912 0.00710 0.00152 1.26512
 14.50  607871 0.03949  0.7300 2.72973 0.00722 0.00155 1.37604
 15.50  613015 0.03998  0.7969 2.68015 0.00734 0.00159 1.51671
 16.50  669206 0.04043  0.8667 2.63194 0.00744 0.00161 1.65769
 17.50  758363 0.04086  0.9373 2.58916 0.00753 0.00164 1.79961
 18.50  770656 0.04135  1.0141 2.54120 0.00765 0.00168 1.96400
 19.50 1093979 0.04185  1.1024 2.48681 0.00772 0.00170 2.12763
 20.50 1095762 0.04236  1.2007 2.43540 0.00781 0.00173 2.34200
 21.50 1155169 0.04285  1.3021 2.37879 0.00784 0.00174 2.55867
 22.50 1252410 0.04319  1.4061 2.33845 0.00785 0.00175 2.77946
 23.50 1350373 0.04352  1.5202 2.29241 0.00780 0.00175 3.01914
