  0.50      22 0.01523  0.0334 99.50480 0.00001 0.00002 8.43890
  1.50      34 0.02356  0.0607 60.88655 0.00001 0.00001 0.12156
  2.50      92 0.01860  0.0832 79.92116 0.00001 0.00001 0.11426
  3.50      92 0.02142  0.1554 68.56208 0.00001 0.00001 0.19659
  4.50     153 0.02252  0.1770 64.82543 0.00001 0.00001 0.21328
  5.50     156 0.01962  0.2119 76.56902 0.00001 0.00001 0.25090
  6.50     230 0.01945  0.2438 78.01704 0.00001 0.00001 0.28142
  7.50     294 0.02014  0.2771 74.73896 0.00001 0.00001 0.31349
  8.50     276 0.02103  0.3383 70.98727 0.00001 0.00001 0.38073
  9.50     348 0.01982  0.3754 75.79681 0.00001 0.00001 0.41482
 10.50     424 0.02237  0.4047 67.32341 0.00001 0.00002 0.44565
 11.50     423 0.02382  0.4548 60.35619 0.00001 0.00002 0.50397
 12.50     613 0.02341  0.5010 62.69502 0.00001 0.00002 0.54346
 13.50     522 0.02283  0.5574 64.59327 0.00001 0.00002 0.61154
 14.50     693 0.02334  0.6011 62.39382 0.00001 0.00002 0.65286
 15.50     748 0.02335  0.6549 62.82606 0.00001 0.00002 0.71460
 16.50     790 0.02275  0.6945 65.42158 0.00001 0.00002 0.75767
 17.50     854 0.02397  0.7527 62.31684 0.00001 0.00002 0.81927
 18.50     898 0.02644  0.8191 52.91297 0.00001 0.00002 0.88991
 19.50    1284 0.02781  0.8710 50.53733 0.00001 0.00002 0.94008
 20.50    1237 0.02929  0.9332 47.62013 0.00001 0.00002 1.01248
 21.50    1214 0.02888  1.0086 48.01182 0.00001 0.00002 1.09553
 22.50    1340 0.02822  1.0808 50.16261 0.00001 0.00002 1.17171
 23.50    1384 0.02964  1.1382 46.46048 0.00001 0.00002 1.23915
