  0.50     412 0.02022  0.0184 50.97740 0.00015 0.00018 9.13760
  1.50     723 0.01942  0.0560 53.42095 0.00013 0.00016 0.11142
  2.50    1893 0.02037  0.0838 50.49454 0.00013 0.00016 0.11103
  3.50    1841 0.01989  0.1243 51.91168 0.00013 0.00016 0.16361
  4.50    2738 0.01981  0.1548 52.23641 0.00014 0.00017 0.18955
  5.50    3181 0.02037  0.1872 50.51252 0.00014 0.00017 0.22466
  6.50    4274 0.02008  0.2224 51.48874 0.00014 0.00017 0.25638
  7.50    5169 0.02050  0.2576 50.15218 0.00014 0.00017 0.29252
  8.50    4920 0.02066  0.2946 49.79452 0.00014 0.00017 0.33730
  9.50    6433 0.02079  0.3324 49.39266 0.00015 0.00018 0.37326
 10.50    7384 0.02071  0.3678 49.75148 0.00015 0.00018 0.40948
 11.50    7240 0.02162  0.4053 47.28863 0.00015 0.00018 0.45418
 12.50   10636 0.02103  0.4477 48.81185 0.00015 0.00018 0.49052
 13.50    9163 0.02167  0.4899 47.08808 0.00015 0.00019 0.54379
 14.50   12331 0.02228  0.5334 45.56663 0.00016 0.00019 0.58368
 15.50   12340 0.02266  0.5788 44.63584 0.00016 0.00019 0.63535
 16.50   13577 0.02286  0.6254 44.18286 0.00016 0.00020 0.68581
 17.50   15108 0.02326  0.6734 43.25811 0.00017 0.00020 0.73687
 18.50   15533 0.02352  0.7203 42.78084 0.00017 0.00021 0.79030
 19.50   21394 0.02393  0.7759 41.82448 0.00017 0.00021 0.84315
 20.50   21437 0.02471  0.8331 40.24174 0.00018 0.00022 0.90927
 21.50   22301 0.02514  0.8946 39.40932 0.00018 0.00022 0.97835
 22.50   23888 0.02542  0.9512 38.89026 0.00018 0.00022 1.04074
 23.50   25826 0.02623  1.0118 37.41471 0.00019 0.00023 1.10936
