  0.50    1196 0.09237  0.0588 4.86187 0.00093 0.00118 2.93938
  1.50    2340 0.09106  0.1272 5.05107 0.00091 0.00115 0.30685
  2.50    5946 0.09063  0.2079 5.10492 0.00091 0.00115 0.31287
  3.50    6141 0.09166  0.2908 4.95864 0.00092 0.00117 0.43988
  4.50    8706 0.09152  0.3622 4.98180 0.00091 0.00116 0.51273
  5.50   10397 0.09125  0.4471 5.02999 0.00093 0.00117 0.61943
  6.50   14399 0.09039  0.5366 5.14613 0.00090 0.00114 0.71470
  7.50   17664 0.09046  0.6323 5.12250 0.00090 0.00113 0.83042
  8.50   16653 0.08948  0.7172 5.25722 0.00088 0.00111 0.94709
  9.50   20734 0.08715  0.8104 5.59324 0.00084 0.00106 1.04785
 10.50   23679 0.08410  0.9061 6.07645 0.00081 0.00101 1.15537
 11.50   21681 0.08059  1.0024 6.64980 0.00075 0.00093 1.27460
 12.50   30189 0.07727  1.1006 7.23400 0.00069 0.00086 1.36648
 13.50   23230 0.07285  1.2061 8.07482 0.00061 0.00075 1.49789
 14.50   28271 0.07100  1.3045 8.38970 0.00054 0.00066 1.58756
 15.50   23799 0.06610  1.4173 9.49836 0.00045 0.00054 1.71221
 16.50   19657 0.05879  1.5318 11.51065 0.00034 0.00041 1.82509
 17.50   13874 0.05170  1.6675 13.84643 0.00021 0.00025 1.95333
 18.50    6654 0.04350  1.8215 17.49112 0.00010 0.00011 2.10412
 19.50    2278 0.03472  2.0443 23.35135 0.00002 0.00003 2.29648
 20.50     108 0.02724  2.1947 31.24973 0.00001 0.00001 2.82292
 21.50       0 0.00000  0.0000 0.00000 0.00000 0.00000 0.00000
 22.50       0 0.00000  0.0000 0.00000 0.00000 0.00000 0.00000
 23.50       0 0.00000  0.0000 0.00000 0.00000 0.00000 0.00000
