  0.50       0 0.00000  0.0000 0.00000 0.00000 0.00000 0.00000
  1.50       0 0.00000  0.0000 0.00000 0.00000 0.00000 0.00000
  2.50       0 0.00000  0.0000 0.00000 0.00000 0.00000 0.00000
  3.50       0 0.00000  0.0000 0.00000 0.00000 0.00000 0.00000
  4.50       0 0.00000  0.0000 0.00000 0.00000 0.00000 0.00000
  5.50       0 0.00000  0.0000 0.00000 0.00000 0.00000 0.00000
  6.50       0 0.00000  0.0000 0.00000 0.00000 0.00000 0.00000
  7.50    2006 0.16466  0.9524 -3.77771 0.00045 0.00068 1.52358
  8.50   49325 0.14863  1.0408 -0.39255 0.00444 0.00659 1.49819
  9.50   61004 0.12396  1.1749 1.54381 0.00413 0.00595 1.58930
 10.50   39295 0.09950  1.3093 3.73001 0.00220 0.00308 1.68500
 11.50   14098 0.08154  1.4467 5.65924 0.00079 0.00107 1.80602
 12.50    3276 0.06147  1.5999 9.54662 0.00012 0.00016 1.87623
 13.50      13 0.07064  1.7533 3.91321 0.00001 0.00001 4.50553
 14.50       0 0.00000  0.0000 0.00000 0.00000 0.00000 0.00000
 15.50       0 0.00000  0.0000 0.00000 0.00000 0.00000 0.00000
 16.50       0 0.00000  0.0000 0.00000 0.00000 0.00000 0.00000
 17.50       0 0.00000  0.0000 0.00000 0.00000 0.00000 0.00000
 18.50       0 0.00000  0.0000 0.00000 0.00000 0.00000 0.00000
 19.50       0 0.00000  0.0000 0.00000 0.00000 0.00000 0.00000
 20.50       0 0.00000  0.0000 0.00000 0.00000 0.00000 0.00000
 21.50       0 0.00000  0.0000 0.00000 0.00000 0.00000 0.00000
 22.50       0 0.00000  0.0000 0.00000 0.00000 0.00000 0.00000
 23.50       0 0.00000  0.0000 0.00000 0.00000 0.00000 0.00000
