  0.50     149 0.02071  0.0300 54.86810 0.00005 0.00007 9.16832
  1.50     268 0.02096  0.0567 54.01170 0.00005 0.00006 0.11385
  2.50     665 0.02072  0.0944 54.91822 0.00005 0.00006 0.11931
  3.50     659 0.02011  0.1285 56.71738 0.00005 0.00006 0.16527
  4.50     928 0.02053  0.1514 55.52176 0.00005 0.00006 0.18390
  5.50    1069 0.02079  0.1789 54.63636 0.00005 0.00006 0.21407
  6.50    1472 0.02122  0.2172 53.45024 0.00005 0.00006 0.24862
  7.50    1830 0.02076  0.2575 54.87437 0.00005 0.00007 0.28949
  8.50    1722 0.02182  0.2868 51.63861 0.00005 0.00007 0.32574
  9.50    2261 0.02131  0.3285 53.34149 0.00005 0.00007 0.36570
 10.50    2514 0.02139  0.3624 52.82774 0.00005 0.00007 0.40040
 11.50    2514 0.02152  0.4014 52.62086 0.00005 0.00007 0.44542
 12.50    3707 0.02154  0.4421 52.54431 0.00005 0.00007 0.48089
 13.50    3135 0.02185  0.4800 51.65131 0.00005 0.00007 0.52812
 14.50    4131 0.02254  0.5251 49.79662 0.00005 0.00007 0.57106
 15.50    4191 0.02298  0.5714 48.62265 0.00005 0.00007 0.62329
 16.50    4689 0.02337  0.6135 47.65642 0.00006 0.00008 0.66785
 17.50    5222 0.02372  0.6572 46.87744 0.00006 0.00008 0.71414
 18.50    5184 0.02450  0.7029 45.00385 0.00006 0.00008 0.76648
 19.50    7349 0.02451  0.7583 45.04912 0.00006 0.00008 0.81851
 20.50    7261 0.02487  0.8161 44.34420 0.00006 0.00008 0.88368
 21.50    7589 0.02572  0.8715 42.52004 0.00006 0.00008 0.94620
 22.50    8096 0.02595  0.9269 42.05972 0.00006 0.00008 1.00711
 23.50    8570 0.02688  0.9847 40.16083 0.00006 0.00008 1.07167
