  0.50       0 0.00000  0.0000 0.00000 0.00000 0.00000 0.00000
  1.50       0 0.00000  0.0000 0.00000 0.00000 0.00000 0.00000
  2.50      15 0.07969  0.4744 -3.71587 0.00002 0.00000 1.51922
  3.50      80 0.05205  0.4108 1.36787 0.00002 0.00000 0.69832
  4.50     185 0.04545  0.3596 3.43760 0.00003 0.00000 0.51129
  5.50     376 0.04389  0.2241 3.89844 0.00006 0.00000 0.31677
  6.50   32509 0.06951  0.3082 4.14522 0.00299 0.00000 0.52712
  7.50  370853 0.14951  0.8531 -0.63074 0.02711 0.00001 1.69996
  8.50  508118 0.13552  1.0021 0.46524 0.03739 0.00003 1.94936
  9.50  539649 0.11980  1.1807 0.92589 0.02910 0.00002 2.12166
 10.50  492724 0.10417  1.3641 1.49969 0.02146 0.00001 2.29619
 11.50  351394 0.08915  1.5320 2.22302 0.01504 0.00001 2.45129
 12.50  326666 0.07382  1.7108 3.19896 0.00900 0.00000 2.52847
 13.50  128378 0.05902  1.8964 4.41157 0.00395 0.00000 2.65788
 14.50   50165 0.04610  2.0793 5.83828 0.00110 0.00000 2.70980
 15.50    6042 0.03357  2.2968 8.07986 0.00013 0.00000 2.82013
 16.50     227 0.02351  2.5523 13.97878 0.00001 0.00000 2.89727
 17.50       0 0.00000  0.0000 0.00000 0.00000 0.00000 0.00000
 18.50       0 0.00000  0.0000 0.00000 0.00000 0.00000 0.00000
 19.50       0 0.00000  0.0000 0.00000 0.00000 0.00000 0.00000
 20.50       0 0.00000  0.0000 0.00000 0.00000 0.00000 0.00000
 21.50       0 0.00000  0.0000 0.00000 0.00000 0.00000 0.00000
 22.50       0 0.00000  0.0000 0.00000 0.00000 0.00000 0.00000
 23.50       0 0.00000  0.0000 0.00000 0.00000 0.00000 0.00000
