  0.50      20 0.00500  0.0107 247.13200 0.00001 0.00001 10.47081
  1.50      63 0.00500  0.0554 240.92900 0.00001 0.00001 0.10599
  2.50     122 0.00500  0.0900 241.18180 0.00001 0.00001 0.10890
  3.50     138 0.00500  0.1159 244.75600 0.00001 0.00001 0.14409
  4.50     242 0.00500  0.1424 241.17829 0.00001 0.00001 0.16412
  5.50     226 0.00500  0.1772 241.22287 0.00001 0.00001 0.20017
  6.50     315 0.00500  0.2123 240.99673 0.00001 0.00001 0.23263
  7.50     372 0.00500  0.2465 241.42054 0.00001 0.00001 0.26901
  8.50     387 0.00500  0.2765 241.58167 0.00001 0.00001 0.30626
  9.50     496 0.00500  0.3221 242.10147 0.00001 0.00001 0.34476
 10.50     600 0.00500  0.3465 241.90382 0.00001 0.00001 0.36642
 11.50     574 0.00500  0.3826 243.36163 0.00001 0.00001 0.40907
 12.50     932 0.00522  0.4251 236.59091 0.00001 0.00001 0.44428
 13.50     783 0.00500  0.4677 242.03247 0.00001 0.00001 0.49154
 14.50    1061 0.00500  0.5081 243.25992 0.00001 0.00001 0.53216
 15.50    1142 0.00500  0.5418 243.50104 0.00001 0.00002 0.56888
 16.50    1234 0.00500  0.5852 242.75136 0.00001 0.00002 0.61282
 17.50    1443 0.00500  0.6295 243.18663 0.00001 0.00002 0.65925
 18.50    1458 0.00500  0.6637 243.51296 0.00001 0.00002 0.69872
 19.50    2182 0.00500  0.7227 243.99280 0.00002 0.00002 0.75434
 20.50    2262 0.00510  0.7730 240.95742 0.00002 0.00002 0.80623
 21.50    2408 0.00500  0.8285 244.69967 0.00002 0.00002 0.86500
 22.50    2600 0.00500  0.8873 244.66503 0.00002 0.00002 0.92532
 23.50    2978 0.00500  0.9355 244.94594 0.00002 0.00002 0.97805
