  0.50   27950 0.10692  0.0670 1.40326 0.02324 0.00022 0.47349
  1.50   56867 0.10677  0.1431 1.42185 0.02345 0.00011 0.50521
  2.50  144549 0.10657  0.2338 1.43386 0.02345 0.00005 0.48135
  3.50  147344 0.10641  0.3303 1.43759 0.02331 0.00004 0.67731
  4.50  210935 0.10627  0.4181 1.44011 0.02316 0.00003 0.79358
  5.50  246695 0.10523  0.5085 1.49308 0.02290 0.00003 0.93983
  6.50  345459 0.10396  0.6124 1.54719 0.02231 0.00002 1.07861
  7.50  413274 0.10215  0.7252 1.62394 0.02144 0.00002 1.24720
  8.50  383383 0.09968  0.8346 1.74121 0.02043 0.00002 1.43221
  9.50  471729 0.09665  0.9453 1.88089 0.01904 0.00001 1.57122
 10.50  520437 0.09270  1.0673 2.08633 0.01743 0.00001 1.73129
 11.50  468941 0.08840  1.1900 2.32720 0.01570 0.00001 1.90717
 12.50  625117 0.08307  1.3290 2.65299 0.01362 0.00000 2.04273
 13.50  465212 0.07678  1.4770 3.10240 0.01144 0.00000 2.24129
 14.50  530791 0.07060  1.6299 3.60190 0.00926 0.00000 2.38194
 15.50  411485 0.06338  1.8022 4.29698 0.00694 0.00000 2.56655
 16.50  310465 0.05575  1.9778 5.18656 0.00468 0.00000 2.72482
 17.50  203881 0.04800  2.1643 6.28761 0.00265 0.00000 2.87391
 18.50   87883 0.04047  2.3612 7.59906 0.00110 0.00000 3.03075
 19.50   29396 0.03276  2.5576 9.22441 0.00026 0.00000 3.12063
 20.50    2559 0.02329  2.8046 15.78980 0.00002 0.00000 3.29541
 21.50      13 0.01717  3.1188 19.79600 0.00000 0.00000 3.62352
 22.50       0 0.00000  0.0000 0.00000 0.00000 0.00000 0.00000
 23.50       0 0.00000  0.0000 0.00000 0.00000 0.00000 0.00000
