  0.50     629 0.05172  0.0263 14.28450 0.00034 0.00041 5.90092
  1.50    1253 0.05068  0.0827 14.75920 0.00034 0.00040 0.18477
  2.50    3093 0.05007  0.1413 15.04212 0.00033 0.00040 0.19318
  3.50    3130 0.05022  0.2023 14.96972 0.00033 0.00040 0.27759
  4.50    4580 0.05073  0.2473 14.75521 0.00035 0.00041 0.31956
  5.50    5295 0.05134  0.3076 14.47015 0.00034 0.00041 0.38843
  6.50    7338 0.05126  0.3598 14.50495 0.00034 0.00041 0.43870
  7.50    9200 0.05201  0.4291 14.21117 0.00035 0.00042 0.51613
  8.50    8740 0.05291  0.4923 13.82312 0.00036 0.00042 0.59691
  9.50   11206 0.05332  0.5562 13.65863 0.00035 0.00042 0.66468
 10.50   13472 0.05367  0.6199 13.52568 0.00037 0.00044 0.73596
 11.50   13050 0.05439  0.6912 13.22282 0.00036 0.00044 0.82536
 12.50   19343 0.05395  0.7687 13.40717 0.00036 0.00043 0.89977
 13.50   16925 0.05439  0.8472 13.25236 0.00037 0.00044 1.00303
 14.50   22606 0.05443  0.9234 13.20964 0.00036 0.00043 1.08059
 15.50   22554 0.05375  1.0078 13.47844 0.00036 0.00043 1.18167
 16.50   23801 0.05366  1.0936 13.49117 0.00035 0.00042 1.28078
 17.50   25674 0.05276  1.1757 13.85939 0.00033 0.00040 1.37341
 18.50   24317 0.05212  1.2581 14.07668 0.00032 0.00038 1.47260
 19.50   31469 0.04998  1.3501 14.98114 0.00029 0.00035 1.55973
 20.50   27535 0.04690  1.4624 16.43695 0.00026 0.00030 1.68365
 21.50   24334 0.04446  1.5729 17.69292 0.00022 0.00025 1.80383
 22.50   20306 0.04121  1.6963 19.55091 0.00017 0.00019 1.93295
 23.50   14355 0.03750  1.8404 21.95975 0.00011 0.00013 2.08026
