  0.50      80 0.01711  0.0402 70.83610 0.00003 0.00004 9.03848
  1.50     157 0.02097  0.0533 55.95945 0.00003 0.00004 0.11097
  2.50     343 0.01874  0.0933 67.16656 0.00003 0.00004 0.12072
  3.50     406 0.02066  0.1310 57.61184 0.00003 0.00004 0.17028
  4.50     553 0.01927  0.1646 62.64066 0.00003 0.00004 0.20128
  5.50     620 0.01927  0.2035 62.26904 0.00003 0.00004 0.24336
  6.50     878 0.02147  0.2314 55.97459 0.00003 0.00004 0.26767
  7.50    1095 0.02042  0.2800 59.52670 0.00003 0.00004 0.31534
  8.50    1039 0.02101  0.3165 56.22103 0.00003 0.00004 0.36051
  9.50    1294 0.02113  0.3581 56.90299 0.00003 0.00004 0.40048
 10.50    1567 0.02134  0.3930 56.57021 0.00003 0.00004 0.43593
 11.50    1559 0.02240  0.4396 52.60245 0.00003 0.00005 0.49060
 12.50    2326 0.02107  0.4744 56.80494 0.00003 0.00005 0.51771
 13.50    1951 0.02075  0.5292 58.02590 0.00003 0.00005 0.58399
 14.50    2776 0.02178  0.5798 54.43045 0.00004 0.00005 0.63229
 15.50    2942 0.02351  0.6303 49.75652 0.00004 0.00005 0.68930
 16.50    3168 0.02378  0.6797 48.60468 0.00004 0.00005 0.74179
 17.50    3628 0.02461  0.7312 46.77555 0.00004 0.00006 0.79633
 18.50    3650 0.02523  0.7816 45.43982 0.00004 0.00006 0.85427
 19.50    5234 0.02697  0.8425 41.57651 0.00004 0.00006 0.91421
 20.50    5357 0.02654  0.9097 42.32710 0.00004 0.00006 0.98921
 21.50    5643 0.02691  0.9741 41.64491 0.00005 0.00006 1.06128
 22.50    6012 0.02778  1.0438 39.87264 0.00004 0.00006 1.13894
 23.50    6527 0.02763  1.1040 40.28665 0.00005 0.00007 1.20516
