  0.50     488 0.02398  0.0215 41.77390 0.00019 0.00023 8.48762
  1.50     903 0.02346  0.0576 42.83310 0.00018 0.00022 0.12467
  2.50    2249 0.02449  0.0995 40.63374 0.00017 0.00021 0.13046
  3.50    2337 0.02402  0.1373 41.71864 0.00018 0.00022 0.18262
  4.50    3335 0.02397  0.1694 41.82999 0.00018 0.00022 0.20973
  5.50    3881 0.02404  0.2075 41.73982 0.00019 0.00023 0.25077
  6.50    5245 0.02446  0.2444 40.76452 0.00018 0.00022 0.28442
  7.50    6425 0.02456  0.2896 40.57717 0.00019 0.00023 0.33134
  8.50    6211 0.02478  0.3293 40.15516 0.00019 0.00024 0.38030
  9.50    7918 0.02519  0.3673 39.36967 0.00019 0.00024 0.41609
 10.50    9288 0.02528  0.4122 39.22921 0.00020 0.00024 0.46306
 11.50    8948 0.02542  0.4569 38.98439 0.00020 0.00024 0.51599
 12.50   13436 0.02589  0.5006 38.11516 0.00020 0.00025 0.55394
 13.50   11343 0.02684  0.5515 36.42942 0.00020 0.00025 0.61771
 14.50   16048 0.02729  0.6003 35.71928 0.00021 0.00026 0.66390
 15.50   15831 0.02716  0.6547 35.94620 0.00022 0.00027 0.72584
 16.50   17467 0.02784  0.7097 34.90855 0.00022 0.00027 0.78642
 17.50   19636 0.02801  0.7626 34.62333 0.00023 0.00028 0.84357
 18.50   19640 0.02891  0.8195 33.25966 0.00023 0.00028 0.91019
 19.50   27780 0.02922  0.8827 32.79908 0.00023 0.00029 0.97104
 20.50   27275 0.03000  0.9518 31.73703 0.00023 0.00029 1.05205
 21.50   28498 0.03061  1.0200 30.92978 0.00024 0.00029 1.13077
 22.50   30051 0.03068  1.0885 30.82803 0.00023 0.00029 1.20576
 23.50   31490 0.03131  1.1602 30.00124 0.00023 0.00028 1.28734
