  0.50       0 0.00000  0.0000 0.00000 0.00000 0.00000 0.00000
  1.50       0 0.00000  0.0000 0.00000 0.00000 0.00000 0.00000
  2.50       0 0.00000  0.0000 0.00000 0.00000 0.00000 0.00000
  3.50       0 0.00000  0.0000 0.00000 0.00000 0.00000 0.00000
  4.50       0 0.00000  0.0000 0.00000 0.00000 0.00000 0.00000
  5.50       0 0.00000  0.0000 0.00000 0.00000 0.00000 0.00000
  6.50      11 0.02710  0.1664 31.82390 0.00002 0.00002 0.36038
  7.50    4118 0.15901  0.8375 -2.15152 0.00048 0.00066 1.32038
  8.50   22432 0.14201  0.9818 0.61079 0.00185 0.00251 1.43435
  9.50   24815 0.12117  1.1151 2.06208 0.00154 0.00203 1.53973
 10.50   21410 0.10092  1.2228 3.90248 0.00111 0.00142 1.62091
 11.50   13392 0.08225  1.3211 6.29469 0.00070 0.00088 1.69899
 12.50    8202 0.06666  1.4530 8.87861 0.00028 0.00035 1.75995
 13.50    1114 0.05489  1.6248 11.48869 0.00004 0.00005 1.93008
 14.50      21 0.03774  1.6329 19.72060 0.00002 0.00002 4.16587
 15.50       0 0.00000  0.0000 0.00000 0.00000 0.00000 0.00000
 16.50       0 0.00000  0.0000 0.00000 0.00000 0.00000 0.00000
 17.50       0 0.00000  0.0000 0.00000 0.00000 0.00000 0.00000
 18.50       0 0.00000  0.0000 0.00000 0.00000 0.00000 0.00000
 19.50       0 0.00000  0.0000 0.00000 0.00000 0.00000 0.00000
 20.50       0 0.00000  0.0000 0.00000 0.00000 0.00000 0.00000
 21.50       0 0.00000  0.0000 0.00000 0.00000 0.00000 0.00000
 22.50       0 0.00000  0.0000 0.00000 0.00000 0.00000 0.00000
 23.50       0 0.00000  0.0000 0.00000 0.00000 0.00000 0.00000
