  0.50     329 0.08735  0.0561 7.21823 0.00024 0.00040 3.63705
  1.50     685 0.08936  0.1258 6.85119 0.00025 0.00042 0.27921
  2.50    1781 0.09026  0.1927 6.69784 0.00026 0.00043 0.27674
  3.50    1838 0.08720  0.2713 7.36250 0.00026 0.00043 0.38744
  4.50    2679 0.09270  0.3404 6.22545 0.00027 0.00044 0.45678
  5.50    3133 0.09235  0.4160 6.28606 0.00027 0.00044 0.54610
  6.50    4467 0.09138  0.5016 6.50755 0.00027 0.00044 0.63122
  7.50    5305 0.09080  0.5870 6.58149 0.00026 0.00043 0.72750
  8.50    4912 0.08997  0.6679 6.71897 0.00025 0.00042 0.83439
  9.50    6309 0.09045  0.7544 6.62946 0.00025 0.00041 0.92629
 10.50    7211 0.08829  0.8382 7.06783 0.00024 0.00040 1.01853
 11.50    6515 0.08590  0.9344 7.46933 0.00022 0.00036 1.13826
 12.50    9064 0.08061  1.0246 8.67058 0.00020 0.00033 1.21468
 13.50    7024 0.07856  1.1167 9.10813 0.00018 0.00030 1.33627
 14.50    8397 0.07578  1.2125 9.76245 0.00016 0.00026 1.42611
 15.50    6882 0.06874  1.3140 11.80296 0.00013 0.00021 1.53779
 16.50    5852 0.06448  1.4164 13.11371 0.00010 0.00016 1.64908
 17.50    4488 0.05871  1.5319 15.27502 0.00007 0.00011 1.76324
 18.50    2331 0.05394  1.6577 17.14512 0.00003 0.00006 1.89951
 19.50    1122 0.04438  1.8409 22.74169 0.00001 0.00002 2.05271
 20.50      68 0.03679  1.9973 31.06196 0.00000 0.00001 2.61572
 21.50       0 0.00000  0.0000 0.00000 0.00000 0.00000 0.00000
 22.50       0 0.00000  0.0000 0.00000 0.00000 0.00000 0.00000
 23.50       0 0.00000  0.0000 0.00000 0.00000 0.00000 0.00000
