  0.50     134 0.01894  0.0374 60.80830 0.00005 0.00006 9.40891
  1.50     250 0.02021  0.0526 56.26460 0.00004 0.00006 0.10895
  2.50     633 0.01987  0.0938 57.72552 0.00004 0.00006 0.11804
  3.50     629 0.01969  0.1211 58.34800 0.00004 0.00006 0.15593
  4.50     881 0.01947  0.1470 58.87256 0.00004 0.00006 0.17814
  5.50    1043 0.01982  0.1737 57.76467 0.00004 0.00006 0.20722
  6.50    1416 0.01996  0.2091 57.53004 0.00004 0.00006 0.23935
  7.50    1665 0.02017  0.2479 56.74569 0.00004 0.00006 0.27845
  8.50    1650 0.02008  0.2780 56.90533 0.00005 0.00006 0.31485
  9.50    2116 0.02011  0.3149 56.93962 0.00005 0.00006 0.34976
 10.50    2410 0.02047  0.3506 55.74254 0.00005 0.00006 0.38664
 11.50    2345 0.02025  0.3870 56.43380 0.00005 0.00006 0.42845
 12.50    3482 0.02056  0.4262 55.41879 0.00005 0.00007 0.46254
 13.50    3039 0.02109  0.4684 53.82447 0.00005 0.00007 0.51436
 14.50    3862 0.02094  0.5040 54.30625 0.00005 0.00006 0.54639
 15.50    3851 0.02138  0.5443 52.88547 0.00005 0.00007 0.59261
 16.50    4359 0.02168  0.5943 52.11392 0.00005 0.00007 0.64561
 17.50    4861 0.02241  0.6328 50.05481 0.00005 0.00007 0.68547
 18.50    4879 0.02300  0.6754 48.52221 0.00005 0.00007 0.73415
 19.50    6875 0.02342  0.7273 47.51975 0.00006 0.00007 0.78340
 20.50    6733 0.02332  0.7817 47.89244 0.00006 0.00008 0.84380
 21.50    7065 0.02421  0.8383 45.74057 0.00006 0.00008 0.90685
 22.50    7551 0.02475  0.8909 44.45056 0.00006 0.00008 0.96490
 23.50    8022 0.02479  0.9406 44.32991 0.00006 0.00008 1.01916
