  0.50      13 0.00986  0.0263 159.11000 0.00000 0.00001 10.35695
  1.50      27 0.00965  0.0312 166.27850 0.00000 0.00001 0.08644
  2.50      44 0.01328  0.0843 120.85440 0.00000 0.00001 0.11173
  3.50      37 0.01162  0.0995 134.40100 0.00000 0.00001 0.14551
  4.50      77 0.01194  0.1233 136.77298 0.00000 0.00001 0.15369
  5.50      68 0.01159  0.1691 145.09910 0.00000 0.00001 0.20527
  6.50     122 0.01227  0.1846 132.33197 0.00000 0.00001 0.21490
  7.50     121 0.01176  0.2312 133.78178 0.00000 0.00001 0.26854
  8.50     142 0.01081  0.2489 157.42960 0.00000 0.00001 0.28835
  9.50     191 0.01124  0.2663 146.41969 0.00001 0.00001 0.30650
 10.50     189 0.01021  0.3086 170.12934 0.00000 0.00001 0.34927
 11.50     200 0.01089  0.3480 165.37721 0.00000 0.00001 0.38451
 12.50     346 0.01298  0.3715 126.14060 0.00000 0.00001 0.39857
 13.50     288 0.01245  0.4122 128.21659 0.00000 0.00001 0.44427
 14.50     365 0.01347  0.4434 117.09585 0.00000 0.00001 0.47296
 15.50     349 0.01391  0.4893 117.84810 0.00000 0.00001 0.52586
 16.50     436 0.01472  0.5193 109.76527 0.00000 0.00001 0.55451
 17.50     403 0.01299  0.5687 129.28518 0.00000 0.00001 0.60680
 18.50     497 0.01403  0.5921 112.57606 0.00001 0.00001 0.63327
 19.50     622 0.01380  0.6358 115.34719 0.00000 0.00001 0.67420
 20.50     657 0.01354  0.6749 119.47642 0.00001 0.00001 0.71929
 21.50     672 0.01315  0.7172 126.62039 0.00001 0.00001 0.76697
 22.50     695 0.01152  0.7565 149.15272 0.00001 0.00001 0.80996
 23.50     779 0.01219  0.8010 154.49379 0.00001 0.00001 0.85928
