  0.50     565 0.04655  0.0267 16.65710 0.00028 0.00033 6.53745
  1.50    1073 0.04207  0.0742 19.38480 0.00027 0.00032 0.16583
  2.50    2677 0.04381  0.1277 18.26264 0.00027 0.00031 0.17286
  3.50    2744 0.04267  0.1786 19.02332 0.00027 0.00032 0.24209
  4.50    3962 0.04347  0.2303 18.51146 0.00028 0.00033 0.29209
  5.50    4684 0.04383  0.2767 18.32661 0.00028 0.00033 0.34431
  6.50    6492 0.04410  0.3290 18.13372 0.00028 0.00033 0.39526
  7.50    7780 0.04438  0.3882 17.95412 0.00028 0.00033 0.45972
  8.50    7606 0.04500  0.4449 17.60421 0.00029 0.00034 0.53169
  9.50    9676 0.04579  0.5050 17.14973 0.00029 0.00034 0.59400
 10.50   11352 0.04666  0.5637 16.64944 0.00029 0.00034 0.65898
 11.50   11343 0.04665  0.6232 16.68826 0.00030 0.00036 0.73277
 12.50   16729 0.04683  0.6913 16.60189 0.00030 0.00035 0.79705
 13.50   14442 0.04769  0.7671 16.13644 0.00030 0.00036 0.89550
 14.50   19844 0.04802  0.8351 15.96995 0.00030 0.00036 0.96349
 15.50   19770 0.04800  0.9134 15.99117 0.00030 0.00036 1.05731
 16.50   20969 0.04805  0.9842 15.95066 0.00030 0.00035 1.13901
 17.50   23639 0.04776  1.0638 16.09009 0.00030 0.00036 1.22738
 18.50   22885 0.04756  1.1470 16.17090 0.00029 0.00034 1.32667
 19.50   30884 0.04731  1.2282 16.29919 0.00028 0.00033 1.40918
 20.50   28258 0.04605  1.3272 16.91635 0.00026 0.00031 1.52298
 21.50   26945 0.04436  1.4212 17.80770 0.00023 0.00028 1.62708
 22.50   25621 0.04233  1.5217 19.00615 0.00021 0.00024 1.73558
 23.50   23158 0.04050  1.6319 20.09950 0.00017 0.00020 1.85408
