  0.50    8820 0.11535  0.0672 2.21247 0.00786 0.00891 1.54801
  1.50   17582 0.11526  0.1452 2.20917 0.00777 0.00881 0.37337
  2.50   44379 0.11554  0.2361 2.17783 0.00771 0.00875 0.39202
  3.50   45208 0.11470  0.3303 2.24491 0.00766 0.00869 0.54374
  4.50   64975 0.11535  0.4149 2.18713 0.00765 0.00868 0.63836
  5.50   75282 0.11349  0.5025 2.33054 0.00751 0.00849 0.75661
  6.50  104967 0.11127  0.6008 2.50311 0.00730 0.00823 0.86581
  7.50  124481 0.10816  0.7086 2.74940 0.00697 0.00782 1.00051
  8.50  114668 0.10456  0.8037 3.05796 0.00665 0.00741 1.13298
  9.50  140824 0.10020  0.9087 3.45255 0.00620 0.00686 1.24654
 10.50  155152 0.09519  1.0189 3.94769 0.00570 0.00626 1.37033
 11.50  137992 0.08919  1.1275 4.60685 0.00511 0.00555 1.50282
 12.50  181529 0.08285  1.2478 5.39082 0.00441 0.00474 1.61009
 13.50  132967 0.07476  1.3721 6.59949 0.00368 0.00390 1.75377
 14.50  143686 0.06716  1.5019 7.94655 0.00285 0.00298 1.86699
 15.50   96947 0.05986  1.6457 9.40168 0.00188 0.00194 2.00590
 16.50   53781 0.05233  1.8071 11.18983 0.00093 0.00095 2.19308
 17.50   19148 0.04293  1.9843 14.23897 0.00029 0.00029 2.35869
 18.50    2893 0.03434  2.1477 18.47486 0.00004 0.00004 2.46783
 19.50      99 0.02674  2.3853 31.93111 0.00001 0.00001 2.59568
 20.50       0 0.00000  0.0000 0.00000 0.00000 0.00000 0.00000
 21.50       0 0.00000  0.0000 0.00000 0.00000 0.00000 0.00000
 22.50       0 0.00000  0.0000 0.00000 0.00000 0.00000 0.00000
 23.50       0 0.00000  0.0000 0.00000 0.00000 0.00000 0.00000
