  0.50     106 0.02021  0.0223 58.48920 0.00004 0.00006 8.81802
  1.50     179 0.02389  0.0580 49.08710 0.00003 0.00005 0.12047
  2.50     408 0.02189  0.0946 55.43250 0.00003 0.00004 0.12205
  3.50     469 0.02172  0.1362 54.15256 0.00004 0.00005 0.17607
  4.50     629 0.02179  0.1659 54.24260 0.00003 0.00005 0.20462
  5.50     741 0.02098  0.2080 56.92600 0.00003 0.00005 0.24907
  6.50    1077 0.02328  0.2437 50.02187 0.00004 0.00005 0.28056
  7.50    1273 0.02357  0.2892 48.71384 0.00004 0.00005 0.32738
  8.50    1213 0.02337  0.3297 49.46260 0.00004 0.00005 0.37639
  9.50    1558 0.02294  0.3666 51.78695 0.00004 0.00005 0.41179
 10.50    1906 0.02366  0.4145 49.18387 0.00004 0.00006 0.46140
 11.50    1790 0.02246  0.4466 52.71029 0.00004 0.00005 0.49874
 12.50    2707 0.02454  0.4981 46.88419 0.00004 0.00006 0.54629
 13.50    2385 0.02366  0.5493 49.61509 0.00004 0.00006 0.60900
 14.50    3362 0.02462  0.6010 46.93259 0.00004 0.00006 0.65748
 15.50    3447 0.02615  0.6568 43.41419 0.00005 0.00006 0.72036
 16.50    3804 0.02598  0.7045 43.60669 0.00005 0.00007 0.77168
 17.50    4158 0.02584  0.7553 43.98109 0.00005 0.00007 0.82554
 18.50    4354 0.02803  0.8147 39.49032 0.00005 0.00007 0.89451
 19.50    6222 0.02840  0.8802 38.75101 0.00005 0.00007 0.95777
 20.50    6367 0.02902  0.9481 37.86055 0.00005 0.00008 1.03580
 21.50    6422 0.02913  1.0214 37.73206 0.00005 0.00007 1.11722
 22.50    6966 0.02976  1.0831 36.68600 0.00005 0.00008 1.18669
 23.50    7646 0.02930  1.1558 37.33834 0.00005 0.00008 1.26553
