  0.50     721 0.03591  0.0319 25.28390 0.00035 0.00043 6.73494
  1.50    1473 0.03709  0.0763 24.20895 0.00035 0.00044 0.17677
  2.50    3590 0.03689  0.1239 24.38744 0.00034 0.00043 0.16907
  3.50    3674 0.03622  0.1721 25.00974 0.00035 0.00043 0.23345
  4.50    5396 0.03717  0.2162 24.20616 0.00036 0.00045 0.27394
  5.50    6175 0.03694  0.2632 24.39862 0.00036 0.00045 0.32691
  6.50    8610 0.03701  0.3138 24.32925 0.00036 0.00045 0.37387
  7.50   10643 0.03771  0.3687 23.72140 0.00037 0.00046 0.43310
  8.50   10215 0.03773  0.4204 23.72207 0.00038 0.00047 0.49791
  9.50   13285 0.03858  0.4764 23.02555 0.00038 0.00048 0.55400
 10.50   15664 0.03942  0.5357 22.33165 0.00039 0.00049 0.61878
 11.50   15121 0.03981  0.5908 22.02792 0.00039 0.00049 0.68665
 12.50   23066 0.03999  0.6572 21.91977 0.00040 0.00050 0.74832
 13.50   20329 0.04070  0.7255 21.40155 0.00042 0.00052 0.83619
 14.50   27340 0.04144  0.7933 20.83704 0.00041 0.00052 0.90375
 15.50   27435 0.04201  0.8661 20.44662 0.00042 0.00052 0.99079
 16.50   29246 0.04241  0.9408 20.15565 0.00041 0.00051 1.07633
 17.50   32803 0.04238  1.0115 20.17250 0.00041 0.00051 1.15500
 18.50   32288 0.04239  1.0889 20.16837 0.00040 0.00051 1.24651
 19.50   43393 0.04222  1.1761 20.24816 0.00039 0.00048 1.33304
 20.50   40275 0.04189  1.2611 20.45074 0.00036 0.00046 1.43404
 21.50   39154 0.04112  1.3527 20.93722 0.00034 0.00042 1.53793
 22.50   38118 0.03995  1.4435 21.74268 0.00031 0.00038 1.63795
 23.50   34623 0.03831  1.5414 22.88905 0.00026 0.00032 1.74339
