  0.50    3969 0.02489  0.0227 16.25500 0.00138 0.00001 1.52305
  1.50    7957 0.02492  0.0534 16.23090 0.00138 0.00000 0.12644
  2.50   20481 0.02506  0.0931 16.13944 0.00142 0.00000 0.13128
  3.50   20399 0.02502  0.1298 16.16956 0.00140 0.00000 0.18307
  4.50   28743 0.02514  0.1630 16.06441 0.00141 0.00000 0.21366
  5.50   33402 0.02514  0.1990 16.07511 0.00142 0.00000 0.25569
  6.50   46437 0.02546  0.2352 15.81234 0.00143 0.00000 0.29071
  7.50   56321 0.02548  0.2758 15.81002 0.00145 0.00000 0.33561
  8.50   53402 0.02566  0.3160 15.68215 0.00147 0.00000 0.38774
  9.50   68300 0.02605  0.3539 15.38334 0.00149 0.00000 0.42686
 10.50   79246 0.02607  0.3935 15.37965 0.00151 0.00000 0.47099
 11.50   76615 0.02636  0.4337 15.16426 0.00153 0.00000 0.52200
 12.50  114463 0.02665  0.4783 14.96370 0.00156 0.00000 0.56449
 13.50   97458 0.02706  0.5242 14.67111 0.00158 0.00000 0.62657
 14.50  133643 0.02739  0.5706 14.45291 0.00161 0.00000 0.67390
 15.50  133416 0.02782  0.6214 14.16868 0.00164 0.00000 0.73711
 16.50  144385 0.02829  0.6740 13.85494 0.00166 0.00000 0.80015
 17.50  163192 0.02881  0.7248 13.53730 0.00170 0.00000 0.86016
 18.50  164641 0.02919  0.7773 13.31382 0.00174 0.00000 0.92651
 19.50  232377 0.02973  0.8390 12.99690 0.00177 0.00000 0.99293
 20.50  232394 0.03021  0.9073 12.72820 0.00181 0.00000 1.07919
 21.50  245263 0.03094  0.9761 12.32724 0.00185 0.00000 1.16554
 22.50  265624 0.03150  1.0459 12.02662 0.00187 0.00000 1.25229
 23.50  286228 0.03199  1.1172 11.77122 0.00189 0.00000 1.34093
