  0.50       0 0.00000  0.0000 0.00000 0.00000 0.00000 0.00000
  1.50       0 0.00000  0.0000 0.00000 0.00000 0.00000 0.00000
  2.50       0 0.00000  0.0000 0.00000 0.00000 0.00000 0.00000
  3.50       0 0.00000  0.0000 0.00000 0.00000 0.00000 0.00000
  4.50       0 0.00000  0.0000 0.00000 0.00000 0.00000 0.00000
  5.50     379 0.15769  0.5538 -0.60927 0.00013 0.00024 1.00569
  6.50    1594 0.14671  0.7065 0.33746 0.00015 0.00029 0.96160
  7.50    2645 0.13858  0.7800 1.33095 0.00018 0.00035 1.03191
  8.50    2174 0.12687  0.9091 2.44992 0.00015 0.00029 1.19225
  9.50    2411 0.11532  1.0054 3.72017 0.00013 0.00024 1.27799
 10.50    2275 0.10717  1.1049 4.74770 0.00010 0.00019 1.37679
 11.50    1680 0.09503  1.1875 6.68500 0.00008 0.00014 1.46252
 12.50    1716 0.07964  1.2947 10.07036 0.00005 0.00009 1.53234
 13.50     686 0.06460  1.3852 14.71218 0.00002 0.00004 1.63171
 14.50     168 0.04611  1.4678 32.17057 0.00001 0.00002 1.75534
 15.50       0 0.00000  0.0000 0.00000 0.00000 0.00000 0.00000
 16.50       0 0.00000  0.0000 0.00000 0.00000 0.00000 0.00000
 17.50       0 0.00000  0.0000 0.00000 0.00000 0.00000 0.00000
 18.50       0 0.00000  0.0000 0.00000 0.00000 0.00000 0.00000
 19.50       0 0.00000  0.0000 0.00000 0.00000 0.00000 0.00000
 20.50       0 0.00000  0.0000 0.00000 0.00000 0.00000 0.00000
 21.50       0 0.00000  0.0000 0.00000 0.00000 0.00000 0.00000
 22.50       0 0.00000  0.0000 0.00000 0.00000 0.00000 0.00000
 23.50       0 0.00000  0.0000 0.00000 0.00000 0.00000 0.00000
