  0.50      57 0.00500  0.0376 244.25000 0.00002 0.00002 9.69156
  1.50      98 0.00500  0.0605 242.45300 0.00002 0.00002 0.11255
  2.50     240 0.00500  0.1149 243.54360 0.00002 0.00002 0.13737
  3.50     289 0.00500  0.1283 244.51860 0.00002 0.00002 0.15736
  4.50     382 0.00500  0.1583 243.31129 0.00002 0.00002 0.18443
  5.50     417 0.00500  0.1895 244.31262 0.00002 0.00002 0.21741
  6.50     613 0.00500  0.2253 245.20491 0.00002 0.00002 0.25221
  7.50     721 0.00548  0.2804 233.08089 0.00002 0.00002 0.30607
  8.50     685 0.00500  0.3058 245.05842 0.00002 0.00002 0.33659
  9.50     965 0.00500  0.3459 244.39953 0.00002 0.00003 0.37368
 10.50    1166 0.00500  0.3863 245.11224 0.00002 0.00003 0.41478
 11.50    1131 0.00500  0.4268 244.71162 0.00002 0.00003 0.45917
 12.50    1771 0.00500  0.4654 244.77557 0.00002 0.00003 0.49291
 13.50    1508 0.00500  0.5155 245.21511 0.00002 0.00003 0.55145
 14.50    2079 0.00500  0.5471 244.73564 0.00002 0.00003 0.57740
 15.50    2185 0.00517  0.6059 239.86163 0.00003 0.00003 0.64277
 16.50    2309 0.00500  0.6549 245.51980 0.00003 0.00003 0.69554
 17.50    2782 0.00508  0.7039 243.19174 0.00003 0.00004 0.74432
 18.50    2924 0.00524  0.7448 238.13342 0.00003 0.00004 0.78927
 19.50    4258 0.00537  0.8064 236.25137 0.00003 0.00004 0.84904
 20.50    4341 0.00500  0.8703 246.30555 0.00003 0.00004 0.91644
 21.50    4694 0.00527  0.9285 236.33285 0.00004 0.00004 0.98125
 22.50    5294 0.00534  0.9942 235.50915 0.00004 0.00005 1.05222
 23.50    5827 0.00628  1.0610 209.21620 0.00004 0.00005 1.12545
