  0.50     405 0.02822  0.0312 32.50730 0.00016 0.00019 8.26891
  1.50     781 0.03065  0.0607 29.22495 0.00016 0.00018 0.13122
  2.50    1951 0.02943  0.1021 30.82090 0.00016 0.00018 0.13552
  3.50    2029 0.02950  0.1420 30.73238 0.00016 0.00019 0.18680
  4.50    2816 0.02991  0.1830 30.18657 0.00016 0.00019 0.22597
  5.50    3235 0.02902  0.2136 31.36447 0.00016 0.00018 0.25783
  6.50    4661 0.02997  0.2582 30.15305 0.00017 0.00019 0.30154
  7.50    5475 0.03063  0.3013 29.30484 0.00016 0.00019 0.34657
  8.50    5149 0.03058  0.3469 29.39092 0.00016 0.00019 0.40201
  9.50    6585 0.03030  0.3887 29.74027 0.00016 0.00019 0.44252
 10.50    7805 0.03100  0.4312 28.90089 0.00017 0.00020 0.48851
 11.50    7439 0.03116  0.4765 28.70171 0.00017 0.00020 0.54172
 12.50   11100 0.03162  0.5274 28.16555 0.00017 0.00020 0.58875
 13.50    9572 0.03232  0.5821 27.40103 0.00018 0.00020 0.65710
 14.50   13169 0.03234  0.6339 27.41024 0.00018 0.00021 0.70684
 15.50   13095 0.03310  0.6883 26.58866 0.00018 0.00021 0.77031
 16.50   14269 0.03320  0.7443 26.49466 0.00018 0.00022 0.83224
 17.50   15976 0.03332  0.8027 26.38457 0.00019 0.00022 0.89621
 18.50   15717 0.03414  0.8645 25.50202 0.00018 0.00022 0.96910
 19.50   22394 0.03448  0.9289 25.21509 0.00019 0.00022 1.03259
 20.50   22047 0.03487  1.0023 24.83928 0.00019 0.00022 1.11878
 21.50   22840 0.03550  1.0732 24.25298 0.00019 0.00022 1.20014
 22.50   24028 0.03568  1.1449 24.06473 0.00019 0.00022 1.28142
 23.50   25163 0.03589  1.2220 23.87868 0.00018 0.00021 1.36764
