  0.50   38088 0.13567  0.0684 0.43380 0.03653 0.00039 0.24774
  1.50   77086 0.13459  0.1507 0.48109 0.03664 0.00019 0.60303
  2.50  194085 0.13410  0.2547 0.48808 0.03615 0.00008 0.59455
  3.50  196243 0.13284  0.3564 0.52424 0.03554 0.00007 0.79271
  4.50  278192 0.13120  0.4519 0.57364 0.03482 0.00005 0.92902
  5.50  320391 0.12901  0.5491 0.63921 0.03375 0.00004 1.10221
  6.50  437842 0.12510  0.6613 0.76184 0.03191 0.00003 1.26031
  7.50  505838 0.11992  0.7856 0.92944 0.02941 0.00002 1.44284
  8.50  447996 0.11443  0.9085 1.11194 0.02655 0.00002 1.64543
  9.50  532733 0.10799  1.0363 1.36248 0.02370 0.00001 1.79382
 10.50  556038 0.10077  1.1770 1.66466 0.02036 0.00001 1.96490
 11.50  471431 0.09286  1.3191 2.05509 0.01712 0.00001 2.14649
 12.50  585802 0.08420  1.4761 2.55923 0.01376 0.00000 2.27796
 13.50  394260 0.07511  1.6500 3.18525 0.01035 0.00000 2.48533
 14.50  382073 0.06529  1.8203 4.04482 0.00710 0.00000 2.60247
 15.50  222189 0.05520  2.0100 5.12328 0.00398 0.00000 2.76020
 16.50  102750 0.04551  2.2051 6.44179 0.00164 0.00000 2.89166
 17.50   30158 0.03648  2.3957 8.06946 0.00042 0.00000 2.99685
 18.50    3740 0.02729  2.6004 11.74519 0.00005 0.00000 3.10527
 19.50     173 0.01993  2.8207 23.45291 0.00001 0.00000 3.19536
 20.50       0 0.00000  0.0000 0.00000 0.00000 0.00000 0.00000
 21.50       0 0.00000  0.0000 0.00000 0.00000 0.00000 0.00000
 22.50       0 0.00000  0.0000 0.00000 0.00000 0.00000 0.00000
 23.50       0 0.00000  0.0000 0.00000 0.00000 0.00000 0.00000
