  0.50     257 0.09015  0.2004 -4.07809 0.00031 0.00011 5.32787
  1.50     580 0.07140  0.3617 -3.07741 0.00034 0.00010 2.27112
  2.50    1928 0.05829  0.3921 -1.94541 0.00045 0.00012 1.18721
  3.50    2556 0.05027  0.3853 -0.98241 0.00060 0.00014 1.02063
  4.50    4490 0.04603  0.3576 -0.32229 0.00075 0.00017 0.80172
  5.50    7132 0.04501  0.3145 0.12361 0.00106 0.00024 0.67199
  6.50   97111 0.07484  0.4008 -0.10684 0.00914 0.00427 1.35223
  7.50 1010207 0.14776  0.8241 -0.58030 0.07427 0.03642 4.01300
  8.50 1424925 0.13610  1.0147 0.26132 0.10419 0.04806 4.68307
  9.50 1581978 0.12274  1.2155 0.39712 0.08385 0.03564 5.03087
 10.50 1522367 0.10946  1.4381 0.52814 0.06406 0.02496 5.38174
 11.50 1141779 0.09691  1.6874 0.62598 0.04564 0.01628 5.75998
 12.50 1131587 0.08274  2.0244 0.70388 0.02751 0.00885 5.97378
 13.50  506787 0.06664  2.4681 0.78680 0.01262 0.00355 6.24991
 14.50  273793 0.05058  2.9317 0.95026 0.00448 0.00110 6.09040
 15.50   65560 0.03429  3.3733 1.47891 0.00098 0.00021 5.75459
 16.50    8813 0.02043  3.9762 2.94765 0.00011 0.00002 5.69436
 17.50     172 0.00896  4.2935 15.73236 0.00001 0.00000 5.44333
 18.50       0 0.00000  0.0000 0.00000  0.0000 0.00000 0.00000
 19.50       0 0.00000  0.0000 0.00000  0.0000 0.00000 0.00000
 20.50       0 0.00000  0.0000 0.00000  0.0000 0.00000 0.00000
 21.50       0 0.00000  0.0000 0.00000  0.0000 0.00000 0.00000
 22.50       0 0.00000  0.0000 0.00000  0.0000 0.00000 0.00000
 23.50       0 0.00000  0.0000 0.00000  0.0000 0.00000 0.00000
