  0.50     335 0.04426  0.0370 21.49240 0.00017 0.00024 6.62780
  1.50     624 0.04137  0.0743 23.70650 0.00016 0.00023 0.16687
  2.50    1565 0.04216  0.1267 23.12754 0.00016 0.00022 0.17237
  3.50    1676 0.04093  0.1843 24.27806 0.00016 0.00024 0.24932
  4.50    2385 0.04301  0.2282 22.51830 0.00017 0.00024 0.28803
  5.50    2774 0.04381  0.2820 21.86491 0.00017 0.00024 0.34874
  6.50    3892 0.04238  0.3375 23.07443 0.00017 0.00024 0.40057
  7.50    4694 0.04333  0.3941 22.33542 0.00017 0.00024 0.46133
  8.50    4314 0.04480  0.4491 21.12673 0.00016 0.00024 0.53074
  9.50    5950 0.04514  0.5081 21.00527 0.00018 0.00026 0.58968
 10.50    6927 0.04542  0.5723 20.78428 0.00018 0.00026 0.65908
 11.50    6923 0.04546  0.6339 20.80341 0.00018 0.00027 0.73331
 12.50   10322 0.04724  0.7031 19.60244 0.00018 0.00027 0.79955
 13.50    9025 0.04667  0.7780 20.01736 0.00019 0.00027 0.89347
 14.50   12179 0.04835  0.8531 18.84039 0.00019 0.00027 0.96989
 15.50   11861 0.04828  0.9347 18.90200 0.00018 0.00026 1.06502
 16.50   12708 0.04829  1.0129 18.87103 0.00018 0.00026 1.15407
 17.50   13883 0.04801  1.0924 19.06707 0.00017 0.00025 1.24097
 18.50   13217 0.04818  1.1738 18.87594 0.00016 0.00024 1.33759
 19.50   16957 0.04763  1.2661 19.16927 0.00015 0.00022 1.42690
 20.50   14496 0.04672  1.3706 19.63406 0.00013 0.00019 1.54765
 21.50   12967 0.04493  1.4688 20.72925 0.00011 0.00016 1.65497
 22.50   11350 0.04357  1.5717 21.58966 0.00009 0.00013 1.76681
 23.50    9036 0.04249  1.6921 22.07458 0.00007 0.00010 1.89880
