  0.50      28 0.02485  0.0213 56.66530 0.00001 0.00002 6.96676
  1.50      51 0.02928  0.0770 47.84730 0.00001 0.00002 0.16232
  2.50     149 0.03062  0.1362 44.51742 0.00001 0.00002 0.17290
  3.50     156 0.03119  0.1722 44.82216 0.00001 0.00003 0.22553
  4.50     218 0.03278  0.2114 42.25303 0.00001 0.00003 0.26017
  5.50     245 0.02858  0.2667 47.93033 0.00001 0.00002 0.31734
  6.50     382 0.03148  0.2938 43.12712 0.00002 0.00003 0.34009
  7.50     435 0.03133  0.3513 43.54971 0.00002 0.00003 0.40009
  8.50     441 0.03216  0.4141 41.68438 0.00002 0.00003 0.47417
  9.50     567 0.03410  0.4612 38.74242 0.00002 0.00003 0.52044
 10.50     701 0.03470  0.5116 38.06078 0.00002 0.00003 0.57442
 11.50     618 0.03350  0.5668 40.33052 0.00002 0.00003 0.63987
 12.50     979 0.03438  0.6310 38.19676 0.00002 0.00003 0.69833
 13.50     808 0.03391  0.6878 39.51185 0.00002 0.00003 0.77026
 14.50    1160 0.03612  0.7530 35.77296 0.00002 0.00003 0.83101
 15.50    1166 0.03765  0.8234 34.02825 0.00002 0.00003 0.91277
 16.50    1283 0.03669  0.8865 35.25466 0.00002 0.00003 0.98041
 17.50    1315 0.04002  0.9514 32.01070 0.00002 0.00003 1.05633
 18.50    1405 0.03924  1.0301 32.23802 0.00002 0.00003 1.14601
 19.50    1837 0.03822  1.1056 33.19778 0.00002 0.00003 1.21636
 20.50    1645 0.03814  1.1909 33.53865 0.00002 0.00003 1.31777
 21.50    1534 0.03512  1.2727 37.37007 0.00001 0.00002 1.40551
 22.50    1468 0.03446  1.3443 39.31814 0.00001 0.00002 1.48379
 23.50    1396 0.03408  1.4330 40.25498 0.00001 0.00002 1.58187
