  0.50     550 0.02660  0.0221 36.92240 0.00023 0.00028 7.91711
  1.50    1056 0.02781  0.0578 34.87150 0.00022 0.00027 0.13241
  2.50    2596 0.02755  0.1095 35.36160 0.00022 0.00026 0.14436
  3.50    2704 0.02757  0.1469 35.38978 0.00022 0.00027 0.19677
  4.50    3847 0.02713  0.1823 36.06541 0.00023 0.00028 0.22700
  5.50    4393 0.02816  0.2217 34.37661 0.00022 0.00028 0.27046
  6.50    6226 0.02766  0.2665 35.21410 0.00023 0.00028 0.31184
  7.50    7536 0.02778  0.3110 34.96795 0.00023 0.00028 0.35849
  8.50    7184 0.02856  0.3542 33.80273 0.00024 0.00029 0.41166
  9.50    9330 0.02875  0.3989 33.56017 0.00024 0.00030 0.45522
 10.50   10928 0.02885  0.4464 33.43152 0.00024 0.00030 0.50548
 11.50   10417 0.02927  0.4924 32.79757 0.00024 0.00030 0.56017
 12.50   15855 0.03025  0.5462 31.47986 0.00025 0.00031 0.60941
 13.50   13781 0.03065  0.6023 30.96363 0.00026 0.00032 0.67994
 14.50   18901 0.03077  0.6537 30.81359 0.00026 0.00033 0.72859
 15.50   19181 0.03107  0.7146 30.46771 0.00027 0.00033 0.79873
 16.50   20699 0.03202  0.7744 29.27388 0.00027 0.00034 0.86625
 17.50   23364 0.03243  0.8364 28.79664 0.00028 0.00034 0.93426
 18.50   23373 0.03304  0.8970 28.10960 0.00028 0.00035 1.00546
 19.50   32752 0.03351  0.9676 27.60005 0.00028 0.00035 1.07545
 20.50   31829 0.03388  1.0430 27.18435 0.00028 0.00034 1.16318
 21.50   32741 0.03440  1.1232 26.60706 0.00027 0.00034 1.25553
 22.50   34404 0.03445  1.1936 26.55635 0.00027 0.00034 1.33479
 23.50   35132 0.03477  1.2737 26.18549 0.00026 0.00032 1.42610
