  0.50     232 0.06784  0.0458 12.14570 0.00014 0.00024 4.96139
  1.50     423 0.06559  0.0967 13.06370 0.00013 0.00021 0.22350
  2.50    1138 0.06326  0.1570 13.96134 0.00014 0.00023 0.21802
  3.50    1269 0.06721  0.2185 12.50132 0.00015 0.00025 0.30598
  4.50    1754 0.06561  0.2832 13.07440 0.00015 0.00025 0.36637
  5.50    2141 0.06870  0.3528 11.95915 0.00016 0.00026 0.44727
  6.50    2953 0.06608  0.4187 12.87833 0.00015 0.00025 0.50914
  7.50    3609 0.06699  0.4969 12.63309 0.00016 0.00025 0.59553
  8.50    3459 0.06885  0.5702 11.91828 0.00016 0.00026 0.69025
  9.50    4511 0.06920  0.6359 11.78988 0.00016 0.00026 0.75772
 10.50    5169 0.06967  0.7137 11.61323 0.00015 0.00025 0.84427
 11.50    4965 0.07005  0.7892 11.48944 0.00015 0.00025 0.93934
 12.50    7169 0.06860  0.8763 11.95666 0.00015 0.00024 1.02054
 13.50    5953 0.06847  0.9644 11.92769 0.00014 0.00023 1.13536
 14.50    7693 0.06521  1.0539 13.09642 0.00013 0.00022 1.22015
 15.50    6940 0.06588  1.1345 12.75810 0.00012 0.00019 1.31934
 16.50    6752 0.06323  1.2303 13.75453 0.00011 0.00017 1.42281
 17.50    6577 0.06062  1.3140 14.72323 0.00009 0.00015 1.51408
 18.50    5482 0.05701  1.4158 16.26350 0.00008 0.00012 1.62531
 19.50    5613 0.05260  1.5234 18.37563 0.00006 0.00009 1.72212
 20.50    3350 0.04802  1.6637 20.79727 0.00003 0.00005 1.87284
 21.50    1512 0.04377  1.8350 23.66813 0.00001 0.00002 2.05108
 22.50     437 0.03590  2.0030 30.94115 0.00001 0.00001 2.24520
 23.50       0 0.00000  0.0000 0.00000 0.00000 0.00000 0.00000
