  0.50     187 0.02582  0.0281 42.32100 0.00008 0.00010 8.23590
  1.50     342 0.02583  0.0625 42.26760 0.00007 0.00009 0.13328
  2.50     854 0.02646  0.1039 41.23786 0.00007 0.00009 0.13509
  3.50     810 0.02514  0.1359 43.61846 0.00006 0.00009 0.17945
  4.50    1209 0.02528  0.1792 43.49966 0.00007 0.00009 0.21878
  5.50    1337 0.02649  0.2061 40.96886 0.00007 0.00009 0.24875
  6.50    1871 0.02588  0.2533 42.16983 0.00007 0.00009 0.29175
  7.50    2394 0.02646  0.2927 41.18324 0.00007 0.00010 0.33294
  8.50    2245 0.02727  0.3369 39.63803 0.00007 0.00010 0.38616
  9.50    2901 0.02599  0.3780 42.13401 0.00007 0.00010 0.42501
 10.50    3357 0.02748  0.4260 39.23787 0.00007 0.00010 0.47553
 11.50    3206 0.02672  0.4627 40.66797 0.00007 0.00010 0.51918
 12.50    4779 0.02823  0.5140 37.97598 0.00007 0.00010 0.56658
 13.50    4174 0.02857  0.5663 37.38545 0.00008 0.00010 0.63105
 14.50    5674 0.02866  0.6174 37.25920 0.00008 0.00011 0.67814
 15.50    5889 0.02967  0.6730 35.69286 0.00008 0.00011 0.74276
 16.50    6228 0.03016  0.7201 35.03779 0.00008 0.00011 0.79523
 17.50    7072 0.03070  0.7810 34.18007 0.00008 0.00011 0.86080
 18.50    7106 0.03088  0.8411 33.92835 0.00008 0.00011 0.92961
 19.50    9940 0.03145  0.9001 33.12565 0.00009 0.00012 0.98657
 20.50    9642 0.03235  0.9711 31.90559 0.00008 0.00012 1.06974
 21.50    9941 0.03301  1.0410 31.07032 0.00008 0.00011 1.14993
 22.50   10566 0.03259  1.1086 31.61449 0.00008 0.00011 1.22421
 23.50   10842 0.03362  1.1777 30.34599 0.00008 0.00011 1.30262
