  0.50    1228 0.09465  0.0532 5.31619 0.00096 0.00147 3.06518
  1.50    2520 0.09441  0.1263 5.37624 0.00098 0.00150 0.29846
  2.50    6509 0.09415  0.2076 5.45069 0.00100 0.00153 0.30660
  3.50    6424 0.09442  0.2940 5.36811 0.00096 0.00148 0.43403
  4.50    9203 0.09753  0.3689 4.84221 0.00096 0.00149 0.50936
  5.50   10916 0.09492  0.4465 5.28994 0.00097 0.00150 0.60205
  6.50   15635 0.09511  0.5345 5.26158 0.00098 0.00151 0.69403
  7.50   18492 0.09458  0.6274 5.32351 0.00094 0.00145 0.80231
  8.50   17241 0.09204  0.7223 5.74602 0.00091 0.00140 0.92585
  9.50   21067 0.09079  0.8073 5.89921 0.00085 0.00131 1.01500
 10.50   23697 0.09039  0.9067 5.91218 0.00081 0.00123 1.12666
 11.50   21397 0.08787  1.0021 6.30763 0.00074 0.00112 1.24350
 12.50   28199 0.08634  1.1009 6.49703 0.00064 0.00098 1.33315
 13.50   20746 0.08051  1.2112 7.60494 0.00054 0.00082 1.47036
 14.50   23254 0.07506  1.3178 8.77629 0.00044 0.00066 1.56849
 15.50   17251 0.06981  1.4387 9.94716 0.00032 0.00048 1.70471
 16.50   12458 0.06410  1.5655 11.44711 0.00021 0.00031 1.83746
 17.50    7600 0.05512  1.7139 14.65047 0.00011 0.00016 1.97791
 18.50    2986 0.04992  1.8600 16.83795 0.00004 0.00006 2.13569
 19.50     681 0.03861  2.0303 25.86755 0.00001 0.00001 2.29815
 20.50       0 0.00000  0.0000 0.00000 0.00000 0.00000 0.00000
 21.50       0 0.00000  0.0000 0.00000 0.00000 0.00000 0.00000
 22.50       0 0.00000  0.0000 0.00000 0.00000 0.00000 0.00000
 23.50       0 0.00000  0.0000 0.00000 0.00000 0.00000 0.00000
