  0.50   93296 0.11153  0.0656 0.65423 0.07757 0.03059 6.65841
  1.50  188167 0.11167  0.1451 0.64992 0.07758 0.03062 1.16581
  2.50  474624 0.11152  0.2373 0.64640 0.07693 0.03033 1.10379
  3.50  483365 0.11138  0.3327 0.64400 0.07643 0.03011 1.54518
  4.50  690339 0.11082  0.4248 0.65137 0.07562 0.02968 1.81444
  5.50  808975 0.11036  0.5187 0.65493 0.07479 0.02926 2.15692
  6.50 1133365 0.10943  0.6245 0.65809 0.07281 0.02831 2.46933
  7.50 1367869 0.10773  0.7426 0.67998 0.07038 0.02705 2.85082
  8.50 1272644 0.10579  0.8586 0.69620 0.06703 0.02542 3.27101
  9.50 1589822 0.10317  0.9757 0.72727 0.06319 0.02353 3.57123
 10.50 1773798 0.10001  1.1116 0.75652 0.05813 0.02116 3.93275
 11.50 1621549 0.09637  1.2560 0.79169 0.05258 0.01864 4.33453
 12.50 2207485 0.09185  1.4252 0.83437 0.04595 0.01575 4.64069
 13.50 1668245 0.08655  1.6252 0.87710 0.03835 0.01261 5.11257
 14.50 1929194 0.08073  1.8522 0.91806 0.03061 0.00962 5.45697
 15.50 1519420 0.07348  2.1496 0.97325 0.02233 0.00661 5.91864
 16.50 1190360 0.06530  2.5072 1.04325 0.01478 0.00408 6.33277
 17.50  854918 0.05562  2.9429 1.19275 0.00856 0.00217 6.64664
 18.50  455993 0.04525  3.4111 1.44609 0.00414 0.00095 6.80623
 19.50  243119 0.03400  3.8434 1.95838 0.00147 0.00030 6.57779
 20.50   52438 0.02303  4.1864 3.05363 0.00031 0.00006 6.20727
 21.50    5680 0.01284  4.7277 8.03750 0.00003 0.00001 6.23760
 22.50      53 0.00500  4.5174 26.76517 0.00000 0.00000 6.37937
 23.50       0 0.00000  0.0000 0.00000  0.0000 0.00000 0.00000
