  0.50     782 0.16429  0.0767 -0.80698 0.00081 0.00147 0.65662
  1.50    1639 0.15787  0.1621 -0.32488 0.00084 0.00151 0.41016
  2.50    4073 0.15832  0.2594 -0.38009 0.00082 0.00147 0.41635
  3.50    3993 0.15534  0.3646 -0.20890 0.00078 0.00140 0.58045
  4.50    5720 0.15158  0.4558 0.07445 0.00077 0.00138 0.67262
  5.50    6334 0.14966  0.5477 0.15727 0.00072 0.00129 0.78991
  6.50    8458 0.14338  0.6532 0.61059 0.00067 0.00119 0.89577
  7.50    9461 0.13603  0.7551 1.16589 0.00060 0.00106 1.01145
  8.50    8254 0.12523  0.8538 2.17595 0.00054 0.00095 1.13509
  9.50    9249 0.11641  0.9730 3.04855 0.00046 0.00079 1.25200
 10.50    9352 0.10689  1.0770 4.19731 0.00039 0.00066 1.35699
 11.50    7321 0.09881  1.1783 5.24435 0.00031 0.00052 1.47296
 12.50    8203 0.09102  1.2861 6.44141 0.00023 0.00038 1.55493
 13.50    4375 0.08007  1.3885 8.42270 0.00014 0.00023 1.67639
 14.50    2661 0.06642  1.5162 12.17770 0.00006 0.00010 1.77059
 15.50     561 0.05309  1.6660 17.88457 0.00001 0.00002 1.91772
 16.50      13 0.03914  1.8778 26.46210 0.00001 0.00001 4.58380
 17.50       0 0.00000  0.0000 0.00000 0.00000 0.00000 0.00000
 18.50       0 0.00000  0.0000 0.00000 0.00000 0.00000 0.00000
 19.50       0 0.00000  0.0000 0.00000 0.00000 0.00000 0.00000
 20.50       0 0.00000  0.0000 0.00000 0.00000 0.00000 0.00000
 21.50       0 0.00000  0.0000 0.00000 0.00000 0.00000 0.00000
 22.50       0 0.00000  0.0000 0.00000 0.00000 0.00000 0.00000
 23.50       0 0.00000  0.0000 0.00000 0.00000 0.00000 0.00000
