  0.50      62 0.02702  0.0497 45.98710 0.00003 0.00004 7.83198
  1.50     164 0.03647  0.0546 31.14305 0.00004 0.00006 0.12150
  2.50     412 0.03489  0.1100 33.23354 0.00004 0.00006 0.14402
  3.50     414 0.03204  0.1435 37.15454 0.00004 0.00006 0.19035
  4.50     615 0.03339  0.1874 35.46324 0.00004 0.00006 0.23178
  5.50     684 0.03394  0.2168 35.37107 0.00004 0.00006 0.26369
  6.50     982 0.03443  0.2751 33.86760 0.00004 0.00006 0.31824
  7.50    1231 0.03287  0.3147 36.25949 0.00004 0.00006 0.35988
  8.50    1126 0.03458  0.3714 33.78768 0.00004 0.00006 0.42722
  9.50    1490 0.03463  0.4048 34.08002 0.00004 0.00006 0.45791
 10.50    1801 0.03506  0.4598 33.53159 0.00004 0.00007 0.51639
 11.50    1744 0.03534  0.5078 32.94646 0.00004 0.00007 0.57377
 12.50    2604 0.03472  0.5607 33.71669 0.00004 0.00007 0.62059
 13.50    2278 0.03658  0.6115 31.40275 0.00004 0.00007 0.68476
 14.50    3218 0.03776  0.6743 30.08390 0.00005 0.00007 0.74526
 15.50    3179 0.03776  0.7298 30.12155 0.00005 0.00007 0.80876
 16.50    3324 0.03941  0.7938 28.39109 0.00004 0.00007 0.88113
 17.50    3714 0.03852  0.8565 29.31754 0.00005 0.00007 0.94773
 18.50    3695 0.03967  0.9207 28.01916 0.00005 0.00007 1.02181
 19.50    5152 0.04071  0.9898 27.17120 0.00005 0.00007 1.09122
 20.50    5000 0.04040  1.0673 27.50684 0.00004 0.00007 1.17992
 21.50    4970 0.04059  1.1445 27.13745 0.00004 0.00007 1.26923
 22.50    5071 0.04105  1.2183 26.75363 0.00004 0.00006 1.35139
 23.50    4979 0.04148  1.2955 26.24636 0.00004 0.00006 1.43679
