  0.50       0 0.00000  0.0000 0.00000 0.00000 0.00000 0.00000
  1.50       0 0.00000  0.0000 0.00000 0.00000 0.00000 0.00000
  2.50       0 0.00000  0.0000 0.00000 0.00000 0.00000 0.00000
  3.50       0 0.00000  0.0000 0.00000 0.00000 0.00000 0.00000
  4.50       0 0.00000  0.0000 0.00000 0.00000 0.00000 0.00000
  5.50    4133 0.15288  0.5741 -1.67066 0.00081 0.00112 0.99889
  6.50   16966 0.15207  0.6902 -0.64916 0.00145 0.00199 1.04021
  7.50   28597 0.14138  0.7945 0.71818 0.00196 0.00266 1.15239
  8.50   24108 0.12894  0.9107 1.48265 0.00169 0.00225 1.29840
  9.50   26833 0.11650  1.0300 2.40335 0.00142 0.00186 1.40928
 10.50   26025 0.10300  1.1483 3.65505 0.00114 0.00147 1.52318
 11.50   20835 0.09101  1.2534 5.08194 0.00092 0.00117 1.63471
 12.50   22348 0.07744  1.3649 7.18530 0.00065 0.00081 1.70384
 13.50   10459 0.06774  1.4854 8.85161 0.00035 0.00043 1.82130
 14.50    5182 0.05427  1.6467 12.18420 0.00012 0.00015 1.93963
 15.50     581 0.04213  1.8384 17.62019 0.00002 0.00002 2.13538
 16.50       0 0.00000  0.0000 0.00000 0.00000 0.00000 0.00000
 17.50       0 0.00000  0.0000 0.00000 0.00000 0.00000 0.00000
 18.50       0 0.00000  0.0000 0.00000 0.00000 0.00000 0.00000
 19.50       0 0.00000  0.0000 0.00000 0.00000 0.00000 0.00000
 20.50       0 0.00000  0.0000 0.00000 0.00000 0.00000 0.00000
 21.50       0 0.00000  0.0000 0.00000 0.00000 0.00000 0.00000
 22.50       0 0.00000  0.0000 0.00000 0.00000 0.00000 0.00000
 23.50       0 0.00000  0.0000 0.00000 0.00000 0.00000 0.00000
