  0.50       0 0.00000  0.0000 0.00000 0.00000 0.00000 0.00000
  1.50       0 0.00000  0.0000 0.00000 0.00000 0.00000 0.00000
  2.50       0 0.00000  0.0000 0.00000 0.00000 0.00000 0.00000
  3.50       0 0.00000  0.0000 0.00000 0.00000 0.00000 0.00000
  4.50       0 0.00000  0.0000 0.00000 0.00000 0.00000 0.00000
  5.50       0 0.00000  0.0000 0.00000 0.00000 0.00000 0.00000
  6.50      14 0.04135  0.2012 17.82060 0.00003 0.00004 0.77675
  7.50    2142 0.13046  0.6659 1.88921 0.00040 0.00055 1.06986
  8.50    9967 0.12677  1.0065 1.53948 0.00146 0.00195 1.44093
  9.50    5513 0.08995  1.0884 4.94151 0.00062 0.00079 1.41959
 10.50     772 0.06691  1.2049 8.08320 0.00008 0.00010 1.47664
 11.50       0 0.00000  0.0000 0.00000 0.00000 0.00000 0.00000
 12.50       0 0.00000  0.0000 0.00000 0.00000 0.00000 0.00000
 13.50       0 0.00000  0.0000 0.00000 0.00000 0.00000 0.00000
 14.50       0 0.00000  0.0000 0.00000 0.00000 0.00000 0.00000
 15.50       0 0.00000  0.0000 0.00000 0.00000 0.00000 0.00000
 16.50       0 0.00000  0.0000 0.00000 0.00000 0.00000 0.00000
 17.50       0 0.00000  0.0000 0.00000 0.00000 0.00000 0.00000
 18.50       0 0.00000  0.0000 0.00000 0.00000 0.00000 0.00000
 19.50       0 0.00000  0.0000 0.00000 0.00000 0.00000 0.00000
 20.50       0 0.00000  0.0000 0.00000 0.00000 0.00000 0.00000
 21.50       0 0.00000  0.0000 0.00000 0.00000 0.00000 0.00000
 22.50       0 0.00000  0.0000 0.00000 0.00000 0.00000 0.00000
 23.50       0 0.00000  0.0000 0.00000 0.00000 0.00000 0.00000
