  0.50    7049 0.09197  0.0589 4.30501 0.00550 0.00600 2.75163
  1.50   14329 0.09226  0.1336 4.27724 0.00555 0.00606 0.32853
  2.50   35779 0.09367  0.2113 4.08355 0.00547 0.00598 0.32801
  3.50   37043 0.09271  0.2944 4.21968 0.00555 0.00607 0.46674
  4.50   52789 0.09354  0.3726 4.11110 0.00552 0.00604 0.54571
  5.50   61955 0.09333  0.4513 4.13539 0.00551 0.00603 0.64599
  6.50   87692 0.09302  0.5424 4.16826 0.00547 0.00598 0.74903
  7.50  105983 0.09200  0.6384 4.27925 0.00537 0.00586 0.86872
  8.50   99899 0.09073  0.7326 4.42391 0.00524 0.00571 0.99948
  9.50  126142 0.08838  0.8238 4.71295 0.00507 0.00550 1.09963
 10.50  141574 0.08562  0.9239 5.05015 0.00478 0.00516 1.21688
 11.50  133082 0.08332  1.0235 5.34234 0.00454 0.00488 1.34510
 12.50  183704 0.07922  1.1323 5.91570 0.00413 0.00441 1.44772
 13.50  143518 0.07464  1.2481 6.62762 0.00369 0.00391 1.59438
 14.50  173230 0.06938  1.3641 7.55996 0.00320 0.00336 1.70178
 15.50  144240 0.06344  1.4912 8.76990 0.00262 0.00272 1.83911
 16.50  120537 0.05995  1.6210 9.43492 0.00198 0.00204 1.96838
 17.50   89040 0.05365  1.7675 11.02060 0.00127 0.00130 2.10903
 18.50   44476 0.04555  1.9283 13.64775 0.00062 0.00062 2.34362
 19.50   17635 0.03788  2.1252 16.82483 0.00017 0.00017 2.47148
 20.50    1678 0.02699  2.3181 27.20493 0.00002 0.00002 2.61859
 21.50      10 0.01432  2.6354 54.97990 0.00000 0.00000 2.82618
 22.50       0 0.00000  0.0000 0.00000 0.00000 0.00000 0.00000
 23.50       0 0.00000  0.0000 0.00000 0.00000 0.00000 0.00000
