  0.50     283 0.01999  0.0205 48.70220 0.00009 0.00010 10.18783
  1.50     537 0.01932  0.0492 50.75450 0.00009 0.00010 0.10050
  2.50    1331 0.01981  0.0806 49.27456 0.00009 0.00010 0.10443
  3.50    1300 0.01995  0.1081 48.78120 0.00008 0.00009 0.13975
  4.50    1877 0.01999  0.1401 48.90116 0.00009 0.00010 0.16940
  5.50    2245 0.01945  0.1659 50.33051 0.00009 0.00010 0.19638
  6.50    3092 0.01959  0.1971 50.03561 0.00009 0.00010 0.22505
  7.50    3644 0.02056  0.2328 47.24968 0.00009 0.00010 0.26253
  8.50    3426 0.02007  0.2658 48.55677 0.00009 0.00010 0.30109
  9.50    4339 0.01987  0.2964 49.14727 0.00009 0.00010 0.33004
 10.50    5071 0.02027  0.3314 48.00922 0.00009 0.00010 0.36640
 11.50    4711 0.02029  0.3600 47.95090 0.00009 0.00010 0.39996
 12.50    6989 0.02045  0.3949 47.55072 0.00009 0.00010 0.43068
 13.50    6175 0.02077  0.4344 46.67858 0.00010 0.00011 0.47842
 14.50    7915 0.02116  0.4710 45.66211 0.00009 0.00011 0.51283
 15.50    8044 0.02108  0.5100 45.85882 0.00010 0.00011 0.55645
 16.50    8559 0.02104  0.5483 46.05696 0.00010 0.00011 0.59739
 17.50    9492 0.02148  0.5851 44.95923 0.00010 0.00011 0.63584
 18.50    9651 0.02188  0.6260 43.92988 0.00010 0.00012 0.68169
 19.50   13509 0.02276  0.6767 41.97273 0.00010 0.00012 0.73120
 20.50   13336 0.02257  0.7211 42.38287 0.00011 0.00012 0.78070
 21.50   13727 0.02271  0.7707 42.05581 0.00011 0.00012 0.83513
 22.50   14471 0.02316  0.8205 41.09739 0.00011 0.00012 0.88939
 23.50   15708 0.02335  0.8692 40.71874 0.00011 0.00012 0.94239
