  0.50     206 0.02852  0.0313 37.50120 0.00009 0.00012 7.64269
  1.50     417 0.03012  0.0766 34.99315 0.00009 0.00012 0.14707
  2.50     928 0.02961  0.1059 35.87952 0.00008 0.00011 0.14151
  3.50     977 0.02934  0.1516 36.12624 0.00008 0.00011 0.19982
  4.50    1312 0.02935  0.1880 36.10276 0.00008 0.00011 0.23184
  5.50    1590 0.02960  0.2259 35.88875 0.00008 0.00011 0.27336
  6.50    2181 0.02927  0.2735 36.35728 0.00008 0.00011 0.31731
  7.50    2777 0.03076  0.3184 34.11288 0.00009 0.00012 0.36465
  8.50    2511 0.02980  0.3653 35.49501 0.00008 0.00012 0.42089
  9.50    3433 0.03079  0.4109 34.21269 0.00009 0.00012 0.46557
 10.50    3853 0.03078  0.4602 34.14466 0.00009 0.00012 0.51738
 11.50    3725 0.03229  0.5031 32.09603 0.00009 0.00012 0.57063
 12.50    5622 0.03174  0.5613 32.79426 0.00009 0.00013 0.62243
 13.50    4867 0.03292  0.6203 31.26220 0.00009 0.00013 0.69601
 14.50    6864 0.03314  0.6751 31.00414 0.00010 0.00013 0.74830
 15.50    6720 0.03407  0.7299 29.95817 0.00010 0.00013 0.81308
 16.50    7467 0.03426  0.7965 29.75407 0.00010 0.00014 0.88670
 17.50    8345 0.03490  0.8558 29.03374 0.00010 0.00014 0.95176
 18.50    8269 0.03553  0.9180 28.25439 0.00010 0.00014 1.02513
 19.50   11466 0.03561  0.9902 28.20299 0.00010 0.00014 1.09519
 20.50   11122 0.03645  1.0687 27.34571 0.00010 0.00014 1.18836
 21.50   11165 0.03686  1.1444 26.87422 0.00010 0.00013 1.27475
 22.50   11515 0.03713  1.2104 26.56989 0.00009 0.00013 1.34945
 23.50   11678 0.03722  1.2909 26.44438 0.00009 0.00012 1.43856
