  0.50     268 0.07342  0.0476 10.50020 0.00018 0.00029 4.59494
  1.50     466 0.07037  0.0837 11.32945 0.00015 0.00025 0.21960
  2.50    1312 0.06978  0.1692 11.67028 0.00017 0.00028 0.23627
  3.50    1430 0.07449  0.2342 10.24358 0.00018 0.00030 0.33088
  4.50    2052 0.07402  0.3047 10.41622 0.00018 0.00030 0.39810
  5.50    2394 0.07429  0.3699 10.29818 0.00018 0.00030 0.47307
  6.50    3349 0.07234  0.4475 10.93675 0.00018 0.00030 0.54860
  7.50    4120 0.07383  0.5217 10.48121 0.00018 0.00030 0.63151
  8.50    3924 0.07560  0.6046 9.93210 0.00018 0.00030 0.73942
  9.50    4998 0.07595  0.6717 9.81103 0.00018 0.00030 0.80852
 10.50    5793 0.07578  0.7498 9.86257 0.00018 0.00029 0.89485
 11.50    5553 0.07575  0.8345 9.85816 0.00018 0.00029 1.00159
 12.50    7937 0.07383  0.9248 10.35134 0.00017 0.00027 1.08562
 13.50    6344 0.07000  1.0188 11.50701 0.00015 0.00025 1.20261
 14.50    8036 0.07018  1.0985 11.45505 0.00014 0.00023 1.28188
 15.50    7208 0.06773  1.1914 12.12351 0.00013 0.00021 1.38909
 16.50    6627 0.06410  1.2940 13.39995 0.00011 0.00017 1.50035
 17.50    6336 0.06102  1.3772 14.51976 0.00009 0.00015 1.58894
 18.50    4808 0.05613  1.4873 16.54727 0.00007 0.00011 1.70684
 19.50    4310 0.05122  1.6169 18.85694 0.00004 0.00007 1.82484
 20.50    1813 0.04708  1.7785 21.19099 0.00002 0.00003 1.99891
 21.50     537 0.03806  1.9634 29.07410 0.00001 0.00001 2.20236
 22.50      11 0.03973  2.0811 25.15010 0.00000 0.00000 4.91136
 23.50       0 0.00000  0.0000 0.00000 0.00000 0.00000 0.00000
