  0.50      40 0.02590  0.0265 47.89490 0.00001 0.00002 9.06568
  1.50     107 0.02264  0.0491 57.52200 0.00002 0.00003 0.10581
  2.50     229 0.02643  0.0917 47.75084 0.00002 0.00003 0.11863
  3.50     260 0.02689  0.1342 46.04312 0.00002 0.00003 0.17306
  4.50     370 0.02641  0.1536 48.28960 0.00002 0.00003 0.18824
  5.50     471 0.02537  0.1853 49.79290 0.00002 0.00003 0.22372
  6.50     561 0.02500  0.2325 50.85527 0.00002 0.00003 0.26610
  7.50     672 0.02587  0.2588 49.30122 0.00002 0.00003 0.29297
  8.50     684 0.02544  0.3041 50.32200 0.00002 0.00003 0.34513
  9.50     874 0.02632  0.3388 47.74531 0.00002 0.00003 0.37809
 10.50    1002 0.02623  0.3720 47.89386 0.00002 0.00003 0.41175
 11.50     997 0.02549  0.4133 50.52276 0.00002 0.00003 0.45943
 12.50    1427 0.02631  0.4552 48.00347 0.00002 0.00003 0.49568
 13.50    1273 0.02604  0.5011 48.66257 0.00002 0.00003 0.55268
 14.50    1783 0.02668  0.5448 47.02573 0.00002 0.00004 0.59348
 15.50    1864 0.02789  0.5916 44.78559 0.00002 0.00004 0.64756
 16.50    1946 0.02731  0.6403 45.82970 0.00002 0.00004 0.69964
 17.50    2264 0.02899  0.6939 42.56812 0.00003 0.00004 0.75466
 18.50    2209 0.02959  0.7366 41.20093 0.00003 0.00004 0.80279
 19.50    3090 0.03066  0.7931 39.49809 0.00003 0.00004 0.85781
 20.50    2961 0.03119  0.8560 38.79647 0.00003 0.00004 0.92929
 21.50    3185 0.03187  0.9158 37.55587 0.00003 0.00004 0.99551
 22.50    3342 0.03162  0.9755 37.91302 0.00003 0.00004 1.06056
 23.50    3651 0.03294  1.0370 35.95660 0.00003 0.00004 1.13003
