  0.50    1127 0.05167  0.0423 15.17150 0.00064 0.00081 5.47696
  1.50    2086 0.05056  0.0840 15.63870 0.00059 0.00075 0.19779
  2.50    5278 0.05114  0.1478 15.37526 0.00059 0.00075 0.20646
  3.50    5520 0.05062  0.2041 15.66582 0.00061 0.00078 0.28660
  4.50    7674 0.05053  0.2648 15.67529 0.00060 0.00076 0.34406
  5.50    9081 0.05201  0.3166 14.98610 0.00061 0.00078 0.40376
  6.50   13090 0.05235  0.3794 14.85881 0.00063 0.00080 0.46517
  7.50   16102 0.05312  0.4528 14.51578 0.00064 0.00081 0.54692
  8.50   15616 0.05350  0.5178 14.35826 0.00066 0.00083 0.63096
  9.50   19917 0.05436  0.5855 13.98571 0.00065 0.00083 0.70172
 10.50   23660 0.05478  0.6608 13.81564 0.00066 0.00084 0.78602
 11.50   23268 0.05449  0.7271 13.95281 0.00067 0.00085 0.86951
 12.50   34256 0.05573  0.8083 13.42034 0.00066 0.00084 0.94917
 13.50   29368 0.05541  0.8901 13.55385 0.00066 0.00083 1.05652
 14.50   39382 0.05504  0.9753 13.69536 0.00064 0.00081 1.14198
 15.50   38100 0.05410  1.0634 14.07418 0.00062 0.00078 1.24746
 16.50   39529 0.05313  1.1485 14.44935 0.00059 0.00075 1.34457
 17.50   40723 0.05220  1.2375 14.79452 0.00054 0.00068 1.44321
 18.50   38023 0.05037  1.3218 15.62740 0.00050 0.00063 1.54231
 19.50   46578 0.04812  1.4208 16.68455 0.00044 0.00055 1.63503
 20.50   37455 0.04495  1.5362 18.33187 0.00035 0.00044 1.76358
 21.50   29575 0.04141  1.6608 20.45150 0.00026 0.00033 1.89472
 22.50   21148 0.03799  1.8006 22.76848 0.00017 0.00021 2.04029
 23.50   11840 0.03316  1.9576 27.06000 0.00009 0.00011 2.19822
