  0.50       0 0.00000  0.0000 0.00000  0.0000 0.00000 0.00000
  1.50       0 0.00000  0.0000 0.00000  0.0000 0.00000 0.00000
  2.50       0 0.00000  0.0000 0.00000  0.0000 0.00000 0.00000
  3.50       0 0.00000  0.0000 0.00000  0.0000 0.00000 0.00000
  4.50       0 0.00000  0.0000 0.00000  0.0000 0.00000 0.00000
  5.50     101 0.03834  1.4473 -1.83966 0.00006 0.00001 2.33746
  6.50    3686 0.05913  0.7754 -1.20931 0.00122 0.00040 1.69999
  7.50  158571 0.13463  0.7171 -0.94454 0.03905 0.01761 3.21278
  8.50  151639 0.10386  1.1547 0.06263 0.03502 0.01343 3.97907
  9.50   33172 0.06551  1.7676 -0.34072 0.00487 0.00143 4.19801
 10.50    1062 0.03810  2.7757 -0.68283 0.00024 0.00005 4.54300
 11.50       0 0.00000  0.0000 0.00000  0.0000 0.00000 0.00000
 12.50       0 0.00000  0.0000 0.00000  0.0000 0.00000 0.00000
 13.50       0 0.00000  0.0000 0.00000  0.0000 0.00000 0.00000
 14.50       0 0.00000  0.0000 0.00000  0.0000 0.00000 0.00000
 15.50       0 0.00000  0.0000 0.00000  0.0000 0.00000 0.00000
 16.50       0 0.00000  0.0000 0.00000  0.0000 0.00000 0.00000
 17.50       0 0.00000  0.0000 0.00000  0.0000 0.00000 0.00000
 18.50       0 0.00000  0.0000 0.00000  0.0000 0.00000 0.00000
 19.50       0 0.00000  0.0000 0.00000  0.0000 0.00000 0.00000
 20.50       0 0.00000  0.0000 0.00000  0.0000 0.00000 0.00000
 21.50       0 0.00000  0.0000 0.00000  0.0000 0.00000 0.00000
 22.50       0 0.00000  0.0000 0.00000  0.0000 0.00000 0.00000
 23.50       0 0.00000  0.0000 0.00000  0.0000 0.00000 0.00000
