  0.50      19 0.00500  0.0477 247.13400 0.00001 0.00001 10.23577
  1.50      74 0.00500  0.0859 242.16800 0.00001 0.00001 0.13486
  2.50     139 0.00500  0.1048 244.02240 0.00001 0.00001 0.12532
  3.50     175 0.00500  0.1305 242.82600 0.00001 0.00001 0.15763
  4.50     269 0.00500  0.1447 243.25071 0.00001 0.00001 0.16879
  5.50     272 0.00500  0.1976 241.65113 0.00001 0.00001 0.22218
  6.50     397 0.00500  0.2223 241.80427 0.00001 0.00001 0.24466
  7.50     447 0.00500  0.2648 242.49808 0.00001 0.00001 0.28926
  8.50     486 0.00500  0.2836 241.81242 0.00001 0.00002 0.31152
  9.50     586 0.00500  0.3240 243.25953 0.00001 0.00001 0.34944
 10.50     755 0.00500  0.3492 242.96447 0.00001 0.00002 0.37247
 11.50     759 0.00500  0.4094 243.64031 0.00001 0.00002 0.43717
 12.50    1108 0.00500  0.4394 242.66478 0.00001 0.00002 0.45948
 13.50     975 0.00500  0.4824 243.05021 0.00001 0.00002 0.51059
 14.50    1362 0.00500  0.5150 244.00168 0.00002 0.00002 0.54124
 15.50    1388 0.00500  0.5642 243.76292 0.00002 0.00002 0.59393
 16.50    1542 0.00500  0.6063 244.07228 0.00002 0.00002 0.63870
 17.50    1768 0.00500  0.6509 243.80619 0.00002 0.00002 0.68426
 18.50    1795 0.00500  0.6887 244.77262 0.00002 0.00002 0.72926
 19.50    2743 0.00500  0.7472 244.85889 0.00002 0.00002 0.77910
 20.50    2813 0.00506  0.7977 242.67094 0.00002 0.00003 0.83533
 21.50    2912 0.00500  0.8679 245.22645 0.00002 0.00003 0.90920
 22.50    3394 0.00500  0.9155 245.46574 0.00002 0.00003 0.95983
 23.50    3755 0.00500  0.9789 245.69217 0.00002 0.00003 1.02718
