  0.50       0 0.00000  0.0000 0.00000  0.0000 0.00000 0.00000
  1.50       0 0.00000  0.0000 0.00000  0.0000 0.00000 0.00000
  2.50       0 0.00000  0.0000 0.00000  0.0000 0.00000 0.00000
  3.50       0 0.00000  0.0000 0.00000  0.0000 0.00000 0.00000
  4.50       0 0.00000  0.0000 0.00000  0.0000 0.00000 0.00000
  5.50       0 0.00000  0.0000 0.00000  0.0000 0.00000 0.00000
  6.50    1834 0.06159  1.0149 -2.17164 0.00128 0.00056 2.21231
  7.50   91128 0.13139  0.6415 -0.82426 0.03605 0.01580 2.69139
  8.50   41466 0.09202  1.1350 -0.49048 0.01494 0.00538 3.45028
  9.50    1513 0.05368  2.0338 -1.69913 0.00057 0.00015 3.94308
 10.50       0 0.00000  0.0000 0.00000  0.0000 0.00000 0.00000
 11.50       0 0.00000  0.0000 0.00000  0.0000 0.00000 0.00000
 12.50       0 0.00000  0.0000 0.00000  0.0000 0.00000 0.00000
 13.50       0 0.00000  0.0000 0.00000  0.0000 0.00000 0.00000
 14.50       0 0.00000  0.0000 0.00000  0.0000 0.00000 0.00000
 15.50       0 0.00000  0.0000 0.00000  0.0000 0.00000 0.00000
 16.50       0 0.00000  0.0000 0.00000  0.0000 0.00000 0.00000
 17.50       0 0.00000  0.0000 0.00000  0.0000 0.00000 0.00000
 18.50       0 0.00000  0.0000 0.00000  0.0000 0.00000 0.00000
 19.50       0 0.00000  0.0000 0.00000  0.0000 0.00000 0.00000
 20.50       0 0.00000  0.0000 0.00000  0.0000 0.00000 0.00000
 21.50       0 0.00000  0.0000 0.00000  0.0000 0.00000 0.00000
 22.50       0 0.00000  0.0000 0.00000  0.0000 0.00000 0.00000
 23.50       0 0.00000  0.0000 0.00000  0.0000 0.00000 0.00000
