  0.50     180 0.02436  0.0293 45.37340 0.00007 0.00009 8.51777
  1.50     311 0.02484  0.0577 44.24655 0.00006 0.00008 0.12175
  2.50     815 0.02493  0.1030 44.33750 0.00006 0.00009 0.13263
  3.50     760 0.02342  0.1309 47.58610 0.00006 0.00008 0.17206
  4.50    1118 0.02426  0.1710 45.62383 0.00006 0.00008 0.20837
  5.50    1286 0.02524  0.1970 43.67788 0.00006 0.00008 0.23767
  6.50    1740 0.02422  0.2464 45.78276 0.00006 0.00008 0.28284
  7.50    2202 0.02519  0.2809 43.56306 0.00006 0.00009 0.31887
  8.50    2098 0.02526  0.3260 43.48245 0.00006 0.00009 0.37217
  9.50    2731 0.02491  0.3641 44.25888 0.00007 0.00009 0.40821
 10.50    3134 0.02539  0.4096 43.21605 0.00007 0.00009 0.45540
 11.50    3021 0.02529  0.4456 43.64313 0.00007 0.00009 0.49860
 12.50    4418 0.02625  0.4923 41.54669 0.00007 0.00009 0.54066
 13.50    3796 0.02680  0.5420 40.45817 0.00007 0.00009 0.60254
 14.50    5281 0.02692  0.5935 40.24066 0.00007 0.00010 0.64974
 15.50    5303 0.02781  0.6415 38.68095 0.00007 0.00010 0.70542
 16.50    5863 0.02838  0.6930 37.68631 0.00008 0.00010 0.76234
 17.50    6537 0.02865  0.7455 37.28503 0.00008 0.00010 0.81808
 18.50    6541 0.02891  0.8015 36.89128 0.00008 0.00010 0.88218
 19.50    9255 0.02965  0.8614 35.71383 0.00008 0.00011 0.94049
 20.50    8956 0.02996  0.9280 35.17325 0.00008 0.00011 1.01666
 21.50    9319 0.03074  0.9924 34.02479 0.00008 0.00011 1.09033
 22.50    9943 0.03162  1.0651 32.79211 0.00008 0.00011 1.17266
 23.50   10284 0.03106  1.1255 33.58704 0.00008 0.00010 1.23861
