  0.50     438 0.03423  0.0390 25.41510 0.00019 0.00022 7.68440
  1.50     877 0.03342  0.0604 26.27860 0.00019 0.00022 0.13829
  2.50    2191 0.03369  0.1138 26.01922 0.00019 0.00022 0.15014
  3.50    2191 0.03318  0.1521 26.50852 0.00019 0.00022 0.20290
  4.50    3101 0.03358  0.1905 26.12156 0.00019 0.00022 0.23733
  5.50    3642 0.03289  0.2356 26.84159 0.00019 0.00022 0.28646
  6.50    5140 0.03440  0.2759 25.32161 0.00019 0.00023 0.32496
  7.50    6130 0.03381  0.3263 25.89362 0.00019 0.00023 0.37833
  8.50    5812 0.03441  0.3764 25.31626 0.00020 0.00023 0.43963
  9.50    7426 0.03428  0.4207 25.43295 0.00020 0.00023 0.48306
 10.50    8812 0.03481  0.4672 24.95267 0.00020 0.00024 0.53376
 11.50    8514 0.03578  0.5180 24.04580 0.00020 0.00024 0.59479
 12.50   12572 0.03616  0.5754 23.70959 0.00020 0.00024 0.64835
 13.50   10978 0.03631  0.6335 23.62151 0.00021 0.00025 0.72133
 14.50   15047 0.03719  0.6904 22.85399 0.00021 0.00025 0.77797
 15.50   15097 0.03670  0.7502 23.28813 0.00022 0.00025 0.84669
 16.50   16076 0.03763  0.8149 22.49760 0.00021 0.00025 0.92094
 17.50   18140 0.03794  0.8804 22.25415 0.00022 0.00025 0.99349
 18.50   18390 0.03862  0.9462 21.72885 0.00022 0.00026 1.07132
 19.50   25312 0.03877  1.0173 21.60059 0.00022 0.00026 1.14289
 20.50   24859 0.03903  1.0990 21.40235 0.00022 0.00026 1.23894
 21.50   25190 0.03910  1.1766 21.31822 0.00021 0.00025 1.32768
 22.50   26141 0.03903  1.2572 21.35503 0.00021 0.00024 1.41890
 23.50   26342 0.03856  1.3349 21.65615 0.00019 0.00023 1.50568
