  0.50     120 0.01638  0.0369 71.67670 0.00004 0.00005 9.88961
  1.50     231 0.01815  0.0569 63.80435 0.00004 0.00005 0.11121
  2.50     568 0.01822  0.0857 64.49602 0.00004 0.00005 0.10854
  3.50     555 0.01730  0.1112 67.72840 0.00004 0.00005 0.14266
  4.50     819 0.01806  0.1425 64.54431 0.00004 0.00005 0.17145
  5.50     931 0.01819  0.1636 64.13853 0.00004 0.00005 0.19478
  6.50    1318 0.01757  0.1931 66.31651 0.00004 0.00005 0.22086
  7.50    1445 0.01810  0.2328 64.37852 0.00004 0.00005 0.26051
  8.50    1522 0.01832  0.2665 63.51435 0.00004 0.00005 0.30056
  9.50    1820 0.01875  0.2924 61.58773 0.00004 0.00005 0.32415
 10.50    2199 0.01833  0.3282 63.27113 0.00004 0.00005 0.36046
 11.50    2087 0.01828  0.3617 63.44298 0.00004 0.00005 0.39872
 12.50    3056 0.01846  0.3988 62.74233 0.00004 0.00005 0.43114
 13.50    2720 0.01864  0.4336 62.26811 0.00004 0.00006 0.47396
 14.50    3572 0.01879  0.4735 61.56652 0.00004 0.00006 0.51073
 15.50    3357 0.01939  0.5088 59.22903 0.00004 0.00006 0.55122
 16.50    3695 0.01925  0.5472 59.75984 0.00004 0.00006 0.59229
 17.50    4257 0.01982  0.5903 57.80171 0.00004 0.00006 0.63775
 18.50    4268 0.02039  0.6295 55.98903 0.00005 0.00006 0.68087
 19.50    5953 0.02057  0.6701 55.34881 0.00005 0.00006 0.71739
 20.50    5914 0.02170  0.7258 52.11045 0.00005 0.00006 0.78036
 21.50    6090 0.02132  0.7710 53.18715 0.00005 0.00006 0.82899
 22.50    6515 0.02183  0.8185 51.69691 0.00005 0.00007 0.88050
 23.50    7127 0.02238  0.8724 50.24164 0.00005 0.00007 0.93938
