  0.50     118 0.04820  0.0295 21.03120 0.00006 0.00009 6.65870
  1.50     266 0.04396  0.0911 24.37885 0.00007 0.00011 0.18044
  2.50     608 0.04238  0.1193 25.82548 0.00006 0.00010 0.16141
  3.50     643 0.04275  0.1665 25.56642 0.00006 0.00010 0.22606
  4.50     986 0.04411  0.2195 24.44890 0.00007 0.00011 0.27481
  5.50    1103 0.04313  0.2699 25.15415 0.00007 0.00011 0.33082
  6.50    1544 0.04425  0.3237 24.24826 0.00007 0.00011 0.38134
  7.50    1972 0.04534  0.3824 23.40012 0.00007 0.00011 0.44428
  8.50    1865 0.04534  0.4366 23.38027 0.00007 0.00011 0.51110
  9.50    2412 0.04485  0.4937 23.89710 0.00007 0.00012 0.56805
 10.50    2886 0.04554  0.5497 23.35160 0.00007 0.00012 0.62787
 11.50    2775 0.04672  0.6113 22.38442 0.00007 0.00012 0.70144
 12.50    4232 0.04772  0.6754 21.76318 0.00008 0.00012 0.76041
 13.50    3585 0.04918  0.7470 20.67757 0.00008 0.00012 0.85206
 14.50    4828 0.04878  0.8114 20.99855 0.00007 0.00012 0.91442
 15.50    4707 0.05029  0.8887 20.02163 0.00007 0.00012 1.00505
 16.50    5055 0.04873  0.9625 21.08909 0.00007 0.00012 1.08751
 17.50    5589 0.04960  1.0397 20.40449 0.00007 0.00012 1.17345
 18.50    5347 0.04930  1.1125 20.57444 0.00007 0.00011 1.25977
 19.50    6823 0.04903  1.1928 20.79452 0.00006 0.00010 1.33689
 20.50    6179 0.04828  1.2851 21.13759 0.00006 0.00009 1.44212
 21.50    5418 0.04766  1.3806 21.48454 0.00005 0.00008 1.54842
 22.50    5126 0.04540  1.4744 23.01918 0.00004 0.00007 1.64844
 23.50    4110 0.04421  1.5852 23.68081 0.00003 0.00005 1.76828
