  0.50  118498 0.15216  0.0696 0.05412 0.12313 0.06220 5.86033
  1.50  237683 0.15191  0.1563 0.05276 0.12230 0.06170 1.50319
  2.50  603621 0.15085  0.2614 0.07037 0.12161 0.06100 1.38681
  3.50  611900 0.14924  0.3656 0.09042 0.11971 0.05952 1.85593
  4.50  868816 0.14641  0.4620 0.13455 0.11733 0.05743 2.20356
  5.50  998583 0.14279  0.5623 0.18353 0.11331 0.05435 2.74146
  6.50 1364421 0.13767  0.6835 0.24582 0.10665 0.04968 3.22826
  7.50 1576200 0.13102  0.8214 0.32511 0.09757 0.04367 3.67839
  8.50 1409605 0.12420  0.9632 0.40583 0.08808 0.03778 4.14855
  9.50 1677729 0.11698  1.1123 0.49053 0.07789 0.03188 4.46906
 10.50 1763672 0.10896  1.2871 0.58009 0.06633 0.02572 4.83644
 11.50 1486789 0.10072  1.4774 0.66230 0.05431 0.01987 5.23928
 12.50 1805416 0.09151  1.7209 0.73746 0.04123 0.01411 5.54534
 13.50 1141127 0.08102  2.0283 0.80416 0.02777 0.00876 6.01909
 14.50 1006821 0.06919  2.4208 0.88391 0.01618 0.00465 6.28601
 15.50  509992 0.05542  2.9093 1.03520 0.00727 0.00185 6.48663
 16.50  212586 0.04183  3.3552 1.34946 0.00255 0.00057 6.34077
 17.50   62410 0.02938  3.7049 2.02009 0.00063 0.00012 5.95691
 18.50    8665 0.01807  4.2691 3.97414 0.00008 0.00001 5.90514
 19.50     285 0.00664  4.6149 22.45563 0.00001 0.00000 6.00665
 20.50       0 0.00000  0.0000 0.00000  0.0000 0.00000 0.00000
 21.50       0 0.00000  0.0000 0.00000  0.0000 0.00000 0.00000
 22.50       0 0.00000  0.0000 0.00000  0.0000 0.00000 0.00000
 23.50       0 0.00000  0.0000 0.00000  0.0000 0.00000 0.00000
