  0.50     981 0.04009  0.0461 22.12810 0.00053 0.00069 5.95122
  1.50    2001 0.04387  0.0930 19.36635 0.00054 0.00070 0.19419
  2.50    4874 0.04236  0.1491 20.44158 0.00052 0.00068 0.20154
  3.50    5067 0.04316  0.2100 19.84402 0.00054 0.00070 0.28549
  4.50    7466 0.04274  0.2647 20.18791 0.00056 0.00073 0.33520
  5.50    8719 0.04341  0.3261 19.78412 0.00056 0.00073 0.40563
  6.50   12369 0.04403  0.3816 19.32054 0.00057 0.00074 0.45827
  7.50   15302 0.04353  0.4554 19.68705 0.00058 0.00076 0.53845
  8.50   14716 0.04517  0.5222 18.65478 0.00059 0.00077 0.62363
  9.50   19115 0.04630  0.5886 17.96651 0.00060 0.00078 0.69245
 10.50   22191 0.04536  0.6641 18.53657 0.00059 0.00077 0.77406
 11.50   22092 0.04666  0.7374 17.71913 0.00060 0.00079 0.86481
 12.50   33183 0.04700  0.8197 17.52544 0.00061 0.00079 0.94409
 13.50   27915 0.04671  0.9080 17.69533 0.00059 0.00077 1.05591
 14.50   37055 0.04656  0.9940 17.73415 0.00057 0.00074 1.14137
 15.50   35425 0.04657  1.0958 17.67979 0.00054 0.00070 1.26088
 16.50   35901 0.04636  1.1902 17.77352 0.00050 0.00065 1.36714
 17.50   36842 0.04476  1.2914 18.70839 0.00045 0.00059 1.47572
 18.50   32558 0.04343  1.3952 19.45210 0.00040 0.00051 1.59345
 19.50   38365 0.04079  1.5157 21.28092 0.00033 0.00042 1.70832
 20.50   29201 0.03855  1.6457 22.80824 0.00025 0.00032 1.85170
 21.50   22196 0.03433  1.7898 26.65922 0.00018 0.00023 2.00247
 22.50   15757 0.03192  1.9400 29.04704 0.00012 0.00015 2.16028
 23.50    8924 0.02748  2.1104 35.47376 0.00006 0.00008 2.33164
