  0.50     819 0.03816  0.0444 23.52850 0.00043 0.00055 6.27055
  1.50    1593 0.03874  0.0829 23.19480 0.00041 0.00053 0.17849
  2.50    4089 0.03682  0.1423 24.81394 0.00042 0.00054 0.19064
  3.50    4184 0.03759  0.2060 24.08534 0.00043 0.00055 0.27520
  4.50    6171 0.03788  0.2543 23.97966 0.00044 0.00057 0.31978
  5.50    7108 0.03900  0.3117 22.87885 0.00044 0.00057 0.38425
  6.50   10376 0.03954  0.3674 22.46489 0.00046 0.00060 0.43750
  7.50   12478 0.03855  0.4325 23.30438 0.00046 0.00059 0.50711
  8.50   12023 0.03923  0.4995 22.72392 0.00047 0.00060 0.59071
  9.50   15823 0.04062  0.5613 21.65999 0.00048 0.00062 0.65398
 10.50   18527 0.04099  0.6350 21.39368 0.00048 0.00062 0.73446
 11.50   17990 0.04163  0.7029 20.84699 0.00048 0.00062 0.81726
 12.50   27632 0.04204  0.7815 20.58132 0.00049 0.00064 0.89247
 13.50   23687 0.04214  0.8649 20.52889 0.00049 0.00064 0.99769
 14.50   31578 0.04189  0.9503 20.71397 0.00048 0.00062 1.08292
 15.50   30901 0.04261  1.0441 20.13530 0.00046 0.00060 1.19309
 16.50   32044 0.04279  1.1333 19.95391 0.00044 0.00057 1.29437
 17.50   33559 0.04196  1.2304 20.51881 0.00041 0.00053 1.39934
 18.50   30846 0.04110  1.3290 21.13115 0.00037 0.00048 1.51227
 19.50   37417 0.03921  1.4423 22.51695 0.00032 0.00041 1.62109
 20.50   30543 0.03723  1.5647 24.06334 0.00026 0.00033 1.75664
 21.50   24754 0.03466  1.6931 26.35822 0.00020 0.00026 1.89450
 22.50   19708 0.03067  1.8248 31.06956 0.00015 0.00019 2.02853
 23.50   13512 0.02901  1.9819 32.96865 0.00009 0.00012 2.19535
