  0.50     370 0.02522  0.0270 37.22730 0.00014 0.00016 8.76673
  1.50     719 0.02660  0.0588 34.82080 0.00014 0.00016 0.12142
  2.50    1749 0.02711  0.0914 34.03044 0.00013 0.00015 0.12169
  3.50    1834 0.02601  0.1342 35.83478 0.00014 0.00016 0.17577
  4.50    2539 0.02654  0.1709 34.97706 0.00014 0.00016 0.20884
  5.50    2991 0.02664  0.1996 34.89271 0.00014 0.00016 0.24041
  6.50    4068 0.02722  0.2374 33.87948 0.00014 0.00016 0.27562
  7.50    4996 0.02652  0.2831 35.00638 0.00014 0.00016 0.32279
  8.50    4577 0.02754  0.3210 33.42180 0.00014 0.00016 0.36979
  9.50    5877 0.02736  0.3602 33.70007 0.00014 0.00016 0.40736
 10.50    6958 0.02725  0.4050 33.88288 0.00014 0.00017 0.45474
 11.50    6658 0.02799  0.4398 32.82581 0.00014 0.00017 0.49700
 12.50    9841 0.02843  0.4873 32.16007 0.00015 0.00017 0.54050
 13.50    8522 0.02829  0.5324 32.37546 0.00015 0.00017 0.59586
 14.50   11305 0.02882  0.5846 31.62704 0.00015 0.00017 0.64679
 15.50   11638 0.02917  0.6339 31.19675 0.00016 0.00018 0.70338
 16.50   12433 0.02972  0.6844 30.44768 0.00016 0.00018 0.75931
 17.50   14061 0.03020  0.7377 29.84107 0.00016 0.00018 0.81741
 18.50   14099 0.02989  0.7877 30.23530 0.00016 0.00019 0.87386
 19.50   19453 0.03046  0.8532 29.51965 0.00016 0.00019 0.93915
 20.50   19286 0.03126  0.9180 28.55809 0.00016 0.00019 1.01479
 21.50   20377 0.03183  0.9826 27.90863 0.00017 0.00019 1.08938
 22.50   21369 0.03223  1.0459 27.44024 0.00016 0.00019 1.16102
 23.50   22749 0.03258  1.1170 27.05304 0.00016 0.00019 1.23990
