  0.50      38 0.00500  0.0489 278.58400 0.00001 0.00002 10.02365
  1.50      73 0.02052  0.0508 66.66355 0.00001 0.00002 0.11469
  2.50     181 0.01331  0.0901 101.94310 0.00001 0.00002 0.11864
  3.50     202 0.01073  0.1196 143.91172 0.00001 0.00002 0.15209
  4.50     271 0.00923  0.1476 183.55271 0.00001 0.00002 0.17687
  5.50     278 0.01275  0.1876 100.92223 0.00001 0.00002 0.22151
  6.50     415 0.01145  0.2024 134.80822 0.00001 0.00002 0.23122
  7.50     584 0.01583  0.2377 86.17038 0.00001 0.00002 0.26992
  8.50     532 0.01274  0.2816 116.25297 0.00001 0.00002 0.31715
  9.50     655 0.01222  0.3191 114.07175 0.00001 0.00002 0.35144
 10.50     805 0.01511  0.3469 86.56351 0.00001 0.00002 0.38073
 11.50     783 0.01338  0.3783 110.98290 0.00002 0.00002 0.41639
 12.50    1197 0.01476  0.4172 90.96507 0.00002 0.00002 0.45075
 13.50     977 0.01731  0.4621 75.40085 0.00002 0.00002 0.50566
 14.50    1409 0.01566  0.5017 84.29421 0.00002 0.00002 0.54063
 15.50    1384 0.01641  0.5441 78.68320 0.00002 0.00002 0.58833
 16.50    1606 0.01586  0.5826 81.54174 0.00002 0.00003 0.63034
 17.50    1810 0.01464  0.6307 88.75538 0.00002 0.00003 0.68020
 18.50    1849 0.01593  0.6711 87.95452 0.00002 0.00003 0.72626
 19.50    2705 0.01837  0.7238 66.76391 0.00002 0.00003 0.77414
 20.50    2727 0.01836  0.7751 68.45178 0.00002 0.00003 0.83013
 21.50    2856 0.02049  0.8251 59.24368 0.00002 0.00003 0.88785
 22.50    3153 0.01921  0.8844 63.09163 0.00002 0.00003 0.94858
 23.50    3453 0.02077  0.9426 57.73531 0.00002 0.00003 1.01398
