  0.50   24386 0.04414  0.0348 2.48515 0.01015 0.00229 8.43520
  1.50   48806 0.04452  0.0816 2.43891 0.01013 0.00229 0.32709
  2.50  122515 0.04462  0.1297 2.42639 0.01012 0.00229 0.31587
  3.50  123927 0.04472  0.1831 2.41839 0.01016 0.00230 0.44594
  4.50  176780 0.04478  0.2326 2.42023 0.01025 0.00232 0.52567
  5.50  205521 0.04499  0.2806 2.40288 0.01030 0.00234 0.62228
  6.50  289274 0.04519  0.3345 2.38791 0.01039 0.00237 0.71445
  7.50  351299 0.04555  0.3945 2.35672 0.01047 0.00239 0.83298
  8.50  336416 0.04585  0.4518 2.34002 0.01064 0.00244 0.96456
  9.50  431815 0.04618  0.5080 2.30810 0.01069 0.00246 1.06973
 10.50  509108 0.04649  0.5706 2.28826 0.01084 0.00250 1.19698
 11.50  499182 0.04692  0.6338 2.25622 0.01098 0.00254 1.34284
 12.50  748654 0.04736  0.7050 2.21993 0.01108 0.00258 1.47040
 13.50  647370 0.04781  0.7805 2.18303 0.01119 0.00261 1.65554
 14.50  896298 0.04833  0.8578 2.14343 0.01134 0.00266 1.80673
 15.50  906448 0.04878  0.9433 2.10835 0.01145 0.00270 2.00403
 16.50  993581 0.04933  1.0299 2.06109 0.01153 0.00274 2.20218
 17.50 1127547 0.04973  1.1219 2.02665 0.01158 0.00276 2.40519
 18.50 1136806 0.05006  1.2180 1.99280 0.01156 0.00276 2.63016
 19.50 1604611 0.05036  1.3334 1.95578 0.01146 0.00275 2.86288
 20.50 1583153 0.05059  1.4621 1.91843 0.01128 0.00271 3.16025
 21.50 1636679 0.05061  1.5949 1.88930 0.01098 0.00264 3.45471
 22.50 1724611 0.05053  1.7335 1.85813 0.01056 0.00253 3.75348
 23.50 1795190 0.05004  1.8841 1.85126 0.01001 0.00239 4.05948
