  0.50   10847 0.02781  0.0244 4.10824 0.00339 0.00064 8.93418
  1.50   22340 0.02778  0.0634 4.14492 0.00348 0.00066 0.19918
  2.50   56318 0.02804  0.0962 4.08577 0.00350 0.00067 0.18732
  3.50   56599 0.02842  0.1346 3.99554 0.00351 0.00067 0.26272
  4.50   80312 0.02809  0.1714 4.08221 0.00353 0.00067 0.30958
  5.50   91878 0.02839  0.2048 4.00619 0.00352 0.00067 0.36410
  6.50  129740 0.02838  0.2426 4.02622 0.00358 0.00068 0.41422
  7.50  155266 0.02858  0.2848 3.98275 0.00359 0.00069 0.47972
  8.50  146755 0.02874  0.3230 3.95849 0.00364 0.00070 0.54987
  9.50  187217 0.02882  0.3629 3.94633 0.00367 0.00070 0.60795
 10.50  216535 0.02908  0.4058 3.89275 0.00369 0.00071 0.67611
 11.50  209556 0.02922  0.4470 3.87455 0.00374 0.00072 0.74937
 12.50  311693 0.02941  0.4933 3.84782 0.00380 0.00073 0.81266
 13.50  265000 0.02975  0.5401 3.78197 0.00383 0.00074 0.90347
 14.50  361293 0.02990  0.5863 3.76573 0.00390 0.00076 0.97061
 15.50  361231 0.03025  0.6393 3.70665 0.00396 0.00077 1.06612
 16.50  389690 0.03045  0.6917 3.67669 0.00401 0.00078 1.15554
 17.50  438162 0.03094  0.7427 3.59139 0.00407 0.00080 1.24625
 18.50  442549 0.03117  0.7975 3.56465 0.00416 0.00082 1.34583
 19.50  624451 0.03161  0.8598 3.49322 0.00423 0.00084 1.44598
 20.50  620815 0.03199  0.9299 3.43668 0.00430 0.00085 1.57681
 21.50  654326 0.03249  0.9967 3.35930 0.00439 0.00088 1.70486
 22.50  710433 0.03292  1.0691 3.29661 0.00446 0.00089 1.83895
 23.50  772130 0.03331  1.1445 3.24046 0.00454 0.00091 1.98117
