  0.50      85 0.09009  0.4516 -5.15014 0.00011 0.00004 4.65409
  1.50     318 0.06805  0.6377 -3.46559 0.00019 0.00005 2.64900
  2.50    1373 0.05577  0.5872 -2.06984 0.00033 0.00008 1.65320
  3.50    2037 0.05018  0.5029 -1.13199 0.00051 0.00012 1.30425
  4.50    3829 0.04666  0.4235 -0.46675 0.00070 0.00016 0.94954
  5.50    6145 0.04589  0.3539 -0.02803 0.00101 0.00023 0.75690
  6.50   13017 0.04693  0.2762 0.30840 0.00158 0.00037 0.56680
  7.50  246805 0.11602  0.5911 -0.93709 0.02030 0.00989 2.70782
  8.50 1280813 0.14030  1.0421 0.13938 0.10256 0.04842 4.92607
  9.50 1460183 0.12324  1.2736 0.38081 0.08369 0.03573 5.26093
 10.50 1299833 0.10696  1.5271 0.51621 0.05842 0.02242 5.58567
 11.50  874415 0.09155  1.8193 0.61561 0.03676 0.01263 5.90078
 12.50  710423 0.07425  2.2223 0.68136 0.01788 0.00540 5.99352
 13.50  232583 0.05596  2.7003 0.78101 0.00596 0.00153 6.01749
 14.50   84243 0.03889  3.1434 1.13234 0.00145 0.00032 5.64125
 15.50    9526 0.02270  3.7997 2.25868 0.00015 0.00003 5.55192
 16.50     120 0.00939  4.4099 18.13473 0.00001 0.00000 5.77105
 17.50       0 0.00000  0.0000 0.00000  0.0000 0.00000 0.00000
 18.50       0 0.00000  0.0000 0.00000  0.0000 0.00000 0.00000
 19.50       0 0.00000  0.0000 0.00000  0.0000 0.00000 0.00000
 20.50       0 0.00000  0.0000 0.00000  0.0000 0.00000 0.00000
 21.50       0 0.00000  0.0000 0.00000  0.0000 0.00000 0.00000
 22.50       0 0.00000  0.0000 0.00000  0.0000 0.00000 0.00000
 23.50       0 0.00000  0.0000 0.00000  0.0000 0.00000 0.00000
