  0.50     251 0.03978  0.0329 24.81550 0.00012 0.00017 7.19809
  1.50     468 0.03536  0.0772 29.27620 0.00011 0.00016 0.16108
  2.50    1186 0.03550  0.1160 29.18346 0.00011 0.00016 0.15513
  3.50    1206 0.03500  0.1649 29.78488 0.00011 0.00016 0.22272
  4.50    1710 0.03492  0.2100 29.95010 0.00011 0.00016 0.26253
  5.50    1980 0.03556  0.2584 29.15806 0.00011 0.00016 0.31596
  6.50    2843 0.03748  0.3065 27.11236 0.00011 0.00016 0.36111
  7.50    3473 0.03593  0.3624 28.82729 0.00012 0.00017 0.41960
  8.50    3215 0.03708  0.4121 27.62143 0.00011 0.00017 0.48180
  9.50    4240 0.03877  0.4631 25.89797 0.00012 0.00017 0.53188
 10.50    4989 0.03866  0.5226 26.10083 0.00012 0.00017 0.59564
 11.50    4980 0.03931  0.5806 25.37975 0.00012 0.00018 0.66505
 12.50    7465 0.03896  0.6428 25.75737 0.00013 0.00018 0.72076
 13.50    6493 0.04007  0.7046 24.77859 0.00013 0.00019 0.79998
 14.50    9012 0.04072  0.7741 24.22630 0.00013 0.00019 0.86871
 15.50    8901 0.04198  0.8474 23.09358 0.00013 0.00019 0.95466
 16.50    9649 0.04282  0.9218 22.44958 0.00013 0.00019 1.03894
 17.50   10969 0.04194  0.9951 23.16173 0.00013 0.00019 1.11887
 18.50   10621 0.04235  1.0658 22.76583 0.00013 0.00019 1.20297
 19.50   14427 0.04295  1.1510 22.35172 0.00013 0.00018 1.28620
 20.50   13328 0.04317  1.2436 22.10581 0.00012 0.00017 1.39359
 21.50   12514 0.04215  1.3341 22.81171 0.00011 0.00015 1.49539
 22.50   11887 0.04204  1.4343 22.79675 0.00009 0.00013 1.60617
 23.50   10960 0.04113  1.5263 23.37531 0.00008 0.00011 1.70775
