  0.50     280 0.03809  0.0375 25.94620 0.00014 0.00019 6.50822
  1.50     492 0.03837  0.0726 25.60890 0.00012 0.00017 0.16972
  2.50    1322 0.03922  0.1234 24.85114 0.00013 0.00018 0.16676
  3.50    1261 0.03949  0.1733 24.59200 0.00012 0.00017 0.23453
  4.50    1822 0.03933  0.2253 24.86677 0.00013 0.00017 0.28255
  5.50    2179 0.03893  0.2723 25.15591 0.00013 0.00018 0.33448
  6.50    3101 0.04029  0.3236 23.93783 0.00013 0.00018 0.38274
  7.50    3769 0.04067  0.3798 23.75548 0.00014 0.00019 0.44272
  8.50    3625 0.04216  0.4379 22.51189 0.00014 0.00019 0.51603
  9.50    4587 0.04116  0.4926 23.25587 0.00014 0.00019 0.56929
 10.50    5558 0.04228  0.5540 22.41927 0.00014 0.00020 0.63589
 11.50    5377 0.04348  0.6179 21.54983 0.00014 0.00020 0.71349
 12.50    8152 0.04344  0.6801 21.59773 0.00015 0.00020 0.77056
 13.50    7049 0.04471  0.7522 20.71777 0.00015 0.00020 0.86341
 14.50    9806 0.04382  0.8129 21.36710 0.00015 0.00021 0.92111
 15.50    9628 0.04488  0.8974 20.58464 0.00015 0.00021 1.02141
 16.50   10250 0.04535  0.9656 20.24398 0.00015 0.00020 1.09953
 17.50   11309 0.04493  1.0414 20.51535 0.00014 0.00020 1.18298
 18.50   10856 0.04551  1.1184 20.13285 0.00014 0.00019 1.27530
 19.50   14302 0.04531  1.1981 20.18676 0.00013 0.00018 1.35285
 20.50   13216 0.04457  1.2851 20.64784 0.00012 0.00017 1.45433
 21.50   12414 0.04296  1.3748 21.75150 0.00011 0.00015 1.55331
 22.50   11596 0.04132  1.4723 22.85551 0.00010 0.00013 1.65864
 23.50    9923 0.03891  1.5830 24.74344 0.00008 0.00010 1.77361
