  0.50      66 0.01634  0.0436 74.48530 0.00002 0.00003 9.28114
  1.50     126 0.02082  0.0684 56.95160 0.00002 0.00003 0.12641
  2.50     284 0.01809  0.0945 70.97402 0.00002 0.00003 0.12158
  3.50     352 0.01909  0.1280 64.21792 0.00002 0.00004 0.16758
  4.50     466 0.01609  0.1625 77.36514 0.00002 0.00003 0.19566
  5.50     503 0.01713  0.1860 72.56589 0.00002 0.00003 0.22333
  6.50     766 0.02027  0.2285 60.14341 0.00002 0.00003 0.26282
  7.50     957 0.01907  0.2738 64.96364 0.00003 0.00004 0.30817
  8.50     850 0.01919  0.3050 62.44385 0.00002 0.00003 0.34630
  9.50    1119 0.01837  0.3477 66.51858 0.00003 0.00004 0.38635
 10.50    1303 0.01901  0.3790 65.46112 0.00003 0.00004 0.41940
 11.50    1342 0.02030  0.4282 59.33100 0.00003 0.00004 0.47562
 12.50    1958 0.02030  0.4614 59.64480 0.00003 0.00004 0.50310
 13.50    1635 0.01990  0.5090 61.30938 0.00003 0.00004 0.56014
 14.50    2298 0.01940  0.5552 62.89756 0.00003 0.00004 0.60321
 15.50    2420 0.01972  0.6011 61.58295 0.00003 0.00004 0.65558
 16.50    2729 0.02137  0.6549 55.52235 0.00003 0.00005 0.71280
 17.50    3070 0.02297  0.7038 51.05797 0.00003 0.00005 0.76469
 18.50    3115 0.02247  0.7502 52.23960 0.00003 0.00005 0.81646
 19.50    4463 0.02480  0.8093 46.19539 0.00004 0.00005 0.87470
 20.50    4499 0.02441  0.8727 46.90003 0.00004 0.00005 0.94570
 21.50    4849 0.02560  0.9302 43.96565 0.00004 0.00005 1.01071
 22.50    5144 0.02604  0.9987 43.62510 0.00004 0.00005 1.08550
 23.50    5652 0.02550  1.0644 44.57947 0.00004 0.00006 1.15636
