  0.50    2055 0.06934  0.0424 9.17124 0.00135 0.00180 4.48963
  1.50    4199 0.06923  0.1148 9.21832 0.00137 0.00183 0.24985
  2.50   10645 0.06909  0.1807 9.27297 0.00138 0.00184 0.25599
  3.50   10893 0.07054  0.2538 8.86964 0.00139 0.00186 0.35983
  4.50   15550 0.06970  0.3219 9.10597 0.00139 0.00186 0.42677
  5.50   18328 0.07064  0.3875 8.86364 0.00141 0.00188 0.50457
  6.50   25998 0.07113  0.4641 8.73397 0.00141 0.00189 0.58328
  7.50   32090 0.07054  0.5504 8.89912 0.00142 0.00190 0.68167
  8.50   30352 0.07142  0.6364 8.65227 0.00140 0.00188 0.79360
  9.50   38647 0.07098  0.7167 8.76196 0.00138 0.00184 0.87813
 10.50   44319 0.07018  0.8052 8.94546 0.00134 0.00179 0.97863
 11.50   42007 0.07042  0.8966 8.84209 0.00129 0.00172 1.09379
 12.50   59114 0.06751  0.9958 9.60295 0.00120 0.00160 1.18695
 13.50   46754 0.06563  1.1047 10.07915 0.00109 0.00144 1.32506
 14.50   57582 0.06279  1.2101 10.89055 0.00096 0.00128 1.42738
 15.50   49242 0.06031  1.3317 11.56985 0.00081 0.00107 1.56795
 16.50   43580 0.05604  1.4530 13.05619 0.00065 0.00086 1.69619
 17.50   37204 0.05187  1.5712 14.65290 0.00049 0.00064 1.81971
 18.50   26510 0.04677  1.7145 17.09084 0.00034 0.00044 1.97044
 19.50   21308 0.04180  1.8786 19.92286 0.00019 0.00025 2.12214
 20.50    8871 0.03442  2.0760 26.00065 0.00008 0.00010 2.31940
 21.50    2541 0.02439  2.3126 51.78582 0.00002 0.00003 2.54986
 22.50     287 0.01132  2.4501 157.59873 0.00000 0.00001 2.76790
 23.50       0 0.00000  0.0000 0.00000 0.00000 0.00000 0.00000
