  0.50       0 0.00000  0.0000 0.00000 0.00000 0.00000 0.00000
  1.50       0 0.00000  0.0000 0.00000 0.00000 0.00000 0.00000
  2.50       0 0.00000  0.0000 0.00000 0.00000 0.00000 0.00000
  3.50       0 0.00000  0.0000 0.00000 0.00000 0.00000 0.00000
  4.50       0 0.00000  0.0000 0.00000 0.00000 0.00000 0.00000
  5.50    8145 0.15347  0.6142 -1.84519 0.00159 0.00231 0.98000
  6.50   33624 0.14907  0.7019 -0.49732 0.00287 0.00415 1.04161
  7.50   57319 0.14048  0.7935 0.81562 0.00392 0.00560 1.13920
  8.50   47589 0.12829  0.9108 1.60906 0.00333 0.00468 1.28623
  9.50   52301 0.11541  1.0335 2.63314 0.00276 0.00381 1.39908
 10.50   49880 0.10206  1.1521 3.95941 0.00219 0.00297 1.51219
 11.50   37805 0.08912  1.2593 5.60811 0.00167 0.00223 1.62776
 12.50   38692 0.07856  1.3763 7.19504 0.00113 0.00148 1.70960
 13.50   17415 0.06653  1.4918 9.57378 0.00058 0.00075 1.82267
 14.50    7770 0.05303  1.6325 13.34318 0.00019 0.00024 1.91511
 15.50     901 0.04173  1.8468 18.17990 0.00002 0.00003 2.14737
 16.50       0 0.00000  0.0000 0.00000 0.00000 0.00000 0.00000
 17.50       0 0.00000  0.0000 0.00000 0.00000 0.00000 0.00000
 18.50       0 0.00000  0.0000 0.00000 0.00000 0.00000 0.00000
 19.50       0 0.00000  0.0000 0.00000 0.00000 0.00000 0.00000
 20.50       0 0.00000  0.0000 0.00000 0.00000 0.00000 0.00000
 21.50       0 0.00000  0.0000 0.00000 0.00000 0.00000 0.00000
 22.50       0 0.00000  0.0000 0.00000 0.00000 0.00000 0.00000
 23.50       0 0.00000  0.0000 0.00000 0.00000 0.00000 0.00000
