  0.50       0 0.00000  0.0000 0.00000  0.0000 0.00000 0.00000
  1.50       0 0.00000  0.0000 0.00000  0.0000 0.00000 0.00000
  2.50     311 0.04508  1.2581 -2.65643 0.00007 0.00002 2.85872
  3.50     926 0.04644  0.8873 -1.49718 0.00025 0.00006 2.12752
  4.50    2404 0.04747  0.6600 -0.87174 0.00051 0.00012 1.47384
  5.50    4455 0.04802  0.4886 -0.38246 0.00089 0.00021 1.06155
  6.50   10539 0.04986  0.3250 0.02985 0.00163 0.00039 0.67910
  7.50   52278 0.08744  0.3506 -0.83388 0.00610 0.00253 1.44795
  8.50  764967 0.13865  1.1240 -0.16347 0.07508 0.03494 5.23812
  9.50 1004405 0.11619  1.4094 0.39553 0.06962 0.02857 5.48003
 10.50  664924 0.09311  1.7463 0.49245 0.03508 0.01230 5.62569
 11.50  281812 0.07226  2.1393 0.50005 0.01349 0.00402 5.67038
 12.50  115157 0.05003  2.6161 0.63377 0.00329 0.00082 5.32391
 13.50   11256 0.02983  3.3115 1.11817 0.00032 0.00006 5.30819
 14.50     335 0.01509  4.1108 7.17720 0.00002 0.00000 5.44520
 15.50       0 0.00000  0.0000 0.00000  0.0000 0.00000 0.00000
 16.50       0 0.00000  0.0000 0.00000  0.0000 0.00000 0.00000
 17.50       0 0.00000  0.0000 0.00000  0.0000 0.00000 0.00000
 18.50       0 0.00000  0.0000 0.00000  0.0000 0.00000 0.00000
 19.50       0 0.00000  0.0000 0.00000  0.0000 0.00000 0.00000
 20.50       0 0.00000  0.0000 0.00000  0.0000 0.00000 0.00000
 21.50       0 0.00000  0.0000 0.00000  0.0000 0.00000 0.00000
 22.50       0 0.00000  0.0000 0.00000  0.0000 0.00000 0.00000
 23.50       0 0.00000  0.0000 0.00000  0.0000 0.00000 0.00000
