  0.50     951 0.07452  0.0557 7.75933 0.00066 0.00082 3.97773
  1.50    1897 0.07488  0.1037 7.67615 0.00066 0.00081 0.24949
  2.50    4790 0.07485  0.1882 7.67948 0.00065 0.00081 0.27269
  3.50    4806 0.07301  0.2558 8.08663 0.00065 0.00080 0.37263
  4.50    6985 0.07509  0.3243 7.63858 0.00066 0.00082 0.44402
  5.50    8264 0.07548  0.3974 7.56195 0.00067 0.00083 0.53199
  6.50   11521 0.07518  0.4753 7.61365 0.00066 0.00081 0.61408
  7.50   14195 0.07578  0.5657 7.49111 0.00066 0.00082 0.71984
  8.50   13727 0.07539  0.6446 7.59232 0.00067 0.00083 0.82702
  9.50   17464 0.07522  0.7275 7.60570 0.00065 0.00081 0.91642
 10.50   20139 0.07333  0.8143 8.00672 0.00064 0.00079 1.01535
 11.50   19342 0.07371  0.9006 7.90070 0.00062 0.00077 1.12860
 12.50   27848 0.07181  0.9959 8.28371 0.00060 0.00073 1.21680
 13.50   22844 0.07068  1.0959 8.50385 0.00056 0.00069 1.34807
 14.50   28484 0.06964  1.1890 8.67717 0.00051 0.00062 1.43786
 15.50   26107 0.06560  1.2845 9.67604 0.00046 0.00056 1.54829
 16.50   24890 0.06196  1.3875 10.62572 0.00040 0.00049 1.65978
 17.50   23521 0.05606  1.4983 12.51101 0.00034 0.00040 1.76838
 18.50   17356 0.05112  1.6166 14.24825 0.00024 0.00029 1.89562
 19.50   14385 0.04494  1.7707 16.98725 0.00014 0.00017 2.03137
 20.50    5390 0.03666  1.9565 22.12794 0.00005 0.00006 2.21275
 21.50    1086 0.02794  2.1975 31.91489 0.00001 0.00001 2.45512
 22.50      44 0.02102  2.3770 42.75293 0.00000 0.00000 3.67325
 23.50       0 0.00000  0.0000 0.00000 0.00000 0.00000 0.00000
