  0.50    1520 0.11427  0.0617 2.56757 0.00135 0.00177 1.78745
  1.50    3148 0.11406  0.1427 2.61656 0.00139 0.00182 0.36027
  2.50    7723 0.11590  0.2286 2.40404 0.00134 0.00176 0.36319
  3.50    7896 0.11571  0.3262 2.41505 0.00134 0.00176 0.51778
  4.50   11327 0.11424  0.4117 2.56147 0.00134 0.00175 0.60988
  5.50   13421 0.11248  0.5006 2.75804 0.00134 0.00175 0.72364
  6.50   18269 0.11065  0.5976 2.88473 0.00127 0.00165 0.82924
  7.50   21633 0.10903  0.6987 3.02503 0.00122 0.00158 0.95255
  8.50   19957 0.10504  0.7962 3.42820 0.00116 0.00150 1.08558
  9.50   24093 0.09984  0.8937 3.98280 0.00107 0.00137 1.18437
 10.50   26281 0.09421  1.0066 4.66227 0.00097 0.00124 1.30893
 11.50   23081 0.08794  1.1020 5.49061 0.00086 0.00109 1.42389
 12.50   29994 0.08105  1.2109 6.54973 0.00074 0.00093 1.51755
 13.50   22088 0.07373  1.3202 7.89736 0.00063 0.00077 1.64789
 14.50   23744 0.06984  1.4250 8.59172 0.00049 0.00060 1.73515
 15.50   15538 0.06041  1.5606 10.89985 0.00031 0.00038 1.86767
 16.50    8199 0.04989  1.7135 14.41962 0.00015 0.00018 2.00530
 17.50    2637 0.04091  1.8837 18.51276 0.00004 0.00005 2.15914
 18.50     245 0.03991  2.0653 18.23948 0.00001 0.00001 2.54965
 19.50       0 0.00000  0.0000 0.00000 0.00000 0.00000 0.00000
 20.50       0 0.00000  0.0000 0.00000 0.00000 0.00000 0.00000
 21.50       0 0.00000  0.0000 0.00000 0.00000 0.00000 0.00000
 22.50       0 0.00000  0.0000 0.00000 0.00000 0.00000 0.00000
 23.50       0 0.00000  0.0000 0.00000 0.00000 0.00000 0.00000
