  0.50     298 0.01541  0.0276 69.31780 0.00009 0.00011 10.41111
  1.50     575 0.01603  0.0470 66.30505 0.00009 0.00011 0.09320
  2.50    1423 0.01550  0.0775 69.13188 0.00009 0.00011 0.10050
  3.50    1376 0.01496  0.1003 71.94278 0.00009 0.00010 0.13234
  4.50    1928 0.01515  0.1297 70.95050 0.00009 0.00010 0.15729
  5.50    2348 0.01530  0.1613 69.93576 0.00009 0.00011 0.19191
  6.50    3205 0.01559  0.1914 68.53561 0.00009 0.00011 0.21849
  7.50    3888 0.01548  0.2208 69.11098 0.00009 0.00011 0.24842
  8.50    3555 0.01567  0.2553 68.09506 0.00009 0.00011 0.28883
  9.50    4477 0.01538  0.2800 69.69197 0.00009 0.00011 0.31112
 10.50    5309 0.01596  0.3140 66.76818 0.00009 0.00011 0.34606
 11.50    5133 0.01609  0.3442 66.21494 0.00009 0.00012 0.38109
 12.50    7580 0.01595  0.3785 67.05493 0.00010 0.00012 0.41016
 13.50    6366 0.01635  0.4149 65.05980 0.00010 0.00012 0.45465
 14.50    8793 0.01611  0.4488 66.14912 0.00010 0.00012 0.48521
 15.50    8762 0.01661  0.4852 63.92288 0.00010 0.00012 0.52625
 16.50    9198 0.01690  0.5229 62.54979 0.00010 0.00012 0.56696
 17.50   10313 0.01720  0.5584 61.46355 0.00010 0.00013 0.60319
 18.50   10352 0.01749  0.5962 60.14900 0.00011 0.00013 0.64540
 19.50   14693 0.01765  0.6400 59.58429 0.00011 0.00013 0.68562
 20.50   14362 0.01841  0.6876 56.77115 0.00011 0.00014 0.73947
 21.50   15212 0.01839  0.7322 56.85964 0.00012 0.00014 0.78780
 22.50   16285 0.01885  0.7804 55.27679 0.00012 0.00014 0.84010
 23.50   17061 0.01906  0.8241 54.55559 0.00012 0.00014 0.88718
