  0.50    4129 0.06145  0.0470 9.17848 0.00234 0.00241 5.43028
  1.50    8281 0.05982  0.0932 9.63857 0.00234 0.00241 0.21052
  2.50   21114 0.06042  0.1524 9.48011 0.00237 0.00244 0.21745
  3.50   21243 0.06078  0.2179 9.37427 0.00236 0.00243 0.30903
  4.50   30640 0.06073  0.2721 9.40437 0.00240 0.00247 0.36419
  5.50   35605 0.06118  0.3290 9.27888 0.00240 0.00247 0.42914
  6.50   50671 0.06115  0.3948 9.30279 0.00243 0.00251 0.49931
  7.50   62051 0.06120  0.4668 9.30001 0.00246 0.00253 0.58328
  8.50   59425 0.06090  0.5352 9.39748 0.00248 0.00256 0.67285
  9.50   77148 0.05975  0.6048 9.72661 0.00250 0.00258 0.74904
 10.50   91012 0.06002  0.6826 9.65732 0.00251 0.00259 0.83953
 11.50   88995 0.06020  0.7550 9.60944 0.00252 0.00260 0.93267
 12.50  132438 0.06040  0.8380 9.54636 0.00251 0.00259 1.01764
 13.50  111961 0.06052  0.9273 9.48581 0.00245 0.00253 1.13581
 14.50  151097 0.06049  1.0165 9.47779 0.00241 0.00248 1.23034
 15.50  146603 0.05984  1.1106 9.62511 0.00232 0.00239 1.34399
 16.50  153162 0.05957  1.2056 9.66556 0.00222 0.00228 1.45382
 17.50  162267 0.05809  1.3017 10.05679 0.00208 0.00213 1.56086
 18.50  150323 0.05609  1.4003 10.60004 0.00191 0.00195 1.67640
 19.50  188284 0.05321  1.5162 11.46499 0.00168 0.00171 1.78848
 20.50  156710 0.04964  1.6438 12.65673 0.00140 0.00142 1.92888
 21.50  128497 0.04565  1.7768 14.18840 0.00109 0.00109 2.07053
 22.50   96113 0.04146  1.9215 16.04190 0.00074 0.00074 2.21754
 23.50   59331 0.03692  2.0918 18.45862 0.00042 0.00041 2.45487
