  0.50      40 0.03313  0.0477 39.93730 0.00002 0.00004 5.73914
  1.50      88 0.04543  0.0940 26.18060 0.00002 0.00004 0.19991
  2.50     226 0.05055  0.1605 22.22122 0.00003 0.00004 0.20969
  3.50     217 0.04406  0.2042 27.16416 0.00002 0.00004 0.27128
  4.50     320 0.04512  0.2540 26.60090 0.00003 0.00004 0.31668
  5.50     403 0.04408  0.3122 27.64706 0.00003 0.00005 0.38193
  6.50     558 0.04607  0.3665 26.33022 0.00003 0.00005 0.43202
  7.50     717 0.04878  0.4413 23.62511 0.00003 0.00005 0.51329
  8.50     697 0.04777  0.5063 24.48458 0.00003 0.00005 0.59376
  9.50     857 0.04876  0.5573 23.80832 0.00003 0.00005 0.64375
 10.50     999 0.04806  0.6250 24.51626 0.00003 0.00005 0.71688
 11.50     950 0.05002  0.7016 23.00144 0.00003 0.00005 0.80746
 12.50    1528 0.05017  0.7703 22.68411 0.00003 0.00005 0.86923
 13.50    1266 0.05098  0.8457 22.18076 0.00003 0.00005 0.96602
 14.50    1672 0.05095  0.9249 22.39590 0.00003 0.00005 1.04491
 15.50    1678 0.05120  1.0045 22.12722 0.00003 0.00005 1.13854
 16.50    1664 0.05092  1.0817 21.93688 0.00003 0.00004 1.22635
 17.50    1772 0.04758  1.1654 24.57097 0.00002 0.00004 1.31400
 18.50    1534 0.04541  1.2441 26.30963 0.00002 0.00004 1.40400
 19.50    1878 0.04390  1.3342 27.93779 0.00002 0.00003 1.48751
 20.50    1473 0.04361  1.4371 28.44385 0.00001 0.00003 1.60315
 21.50    1107 0.03763  1.5296 34.43311 0.00001 0.00002 1.69353
 22.50     712 0.03540  1.7195 38.70630 0.00001 0.00001 1.89057
 23.50     195 0.02494  1.8064 78.39062 0.00000 0.00001 2.05584
