  0.50   85790 0.10244  0.0665 0.80949 0.06687 0.02475 6.88225
  1.50  172885 0.10279  0.1377 0.79753 0.06690 0.02482 1.04804
  2.50  440252 0.10276  0.2276 0.80088 0.06705 0.02487 0.99005
  3.50  447169 0.10275  0.3206 0.79340 0.06652 0.02468 1.39254
  4.50  638646 0.10259  0.4059 0.79143 0.06603 0.02447 1.62939
  5.50  749350 0.10245  0.4969 0.78893 0.06552 0.02425 1.94528
  6.50 1057771 0.10191  0.5987 0.79125 0.06444 0.02377 2.23639
  7.50 1280466 0.10108  0.7098 0.79408 0.06274 0.02300 2.59116
  8.50 1204914 0.09990  0.8229 0.80118 0.06056 0.02202 2.99942
  9.50 1520120 0.09833  0.9348 0.81255 0.05782 0.02079 3.29818
 10.50 1717661 0.09607  1.0603 0.83201 0.05414 0.01915 3.64184
 11.50 1594254 0.09343  1.1956 0.85393 0.04992 0.01731 4.03382
 12.50 2216084 0.08999  1.3500 0.88553 0.04480 0.01514 4.33383
 13.50 1726907 0.08593  1.5306 0.91709 0.03883 0.01271 4.79800
 14.50 2077808 0.08133  1.7302 0.95084 0.03252 0.01026 5.13400
 15.50 1733958 0.07571  1.9777 0.98875 0.02551 0.00769 5.58181
 16.50 1486393 0.06916  2.2751 1.04509 0.01875 0.00535 6.00869
 17.50 1211677 0.06156  2.6414 1.12672 0.01248 0.00333 6.40714
 18.50  782099 0.05257  3.0813 1.29450 0.00730 0.00180 6.74952
 19.50  558828 0.04194  3.5846 1.63276 0.00339 0.00076 6.81810
 20.50  192306 0.03115  4.0140 2.21538 0.00111 0.00022 6.65593
 21.50   46036 0.02141  4.3174 3.43509 0.00025 0.00004 6.28973
 22.50    5870 0.01200  4.7754 9.14673 0.00003 0.00000 6.30336
 23.50      68 0.00500  4.6863 26.40215 0.00000 0.00000 6.67765
