  0.50       0 0.00000  0.0000 0.00000 0.00000 0.00000 0.00000
  1.50       0 0.00000  0.0000 0.00000 0.00000 0.00000 0.00000
  2.50      10 0.06491  0.6712 -2.33396 0.00001 0.00000 0.86508
  3.50      26 0.04569  0.4925 2.71189 0.00002 0.00000 0.99093
  4.50     167 0.05413  0.3917 1.67314 0.00003 0.00000 0.57770
  5.50     326 0.03779  0.2873 5.62504 0.00005 0.00000 0.39075
  6.50     925 0.03975  0.1596 5.84674 0.00012 0.00000 0.20862
  7.50   85742 0.11939  0.6149 0.19201 0.00680 0.00000 1.22738
  8.50  463590 0.14043  1.0403 0.26050 0.03717 0.00002 2.05626
  9.50  503670 0.12076  1.2346 0.89116 0.02942 0.00002 2.22083
 10.50  420763 0.10083  1.4249 1.63841 0.01981 0.00001 2.36573
 11.50  265075 0.08331  1.5942 2.52985 0.01226 0.00000 2.48954
 12.50  193265 0.06632  1.7706 3.67698 0.00577 0.00000 2.52887
 13.50   46432 0.05049  1.9578 5.12925 0.00155 0.00000 2.63065
 14.50    9301 0.03672  2.1638 7.36450 0.00022 0.00000 2.68708
 15.50     288 0.02674  2.4259 11.00717 0.00002 0.00000 2.77858
 16.50       0 0.00000  0.0000 0.00000 0.00000 0.00000 0.00000
 17.50       0 0.00000  0.0000 0.00000 0.00000 0.00000 0.00000
 18.50       0 0.00000  0.0000 0.00000 0.00000 0.00000 0.00000
 19.50       0 0.00000  0.0000 0.00000 0.00000 0.00000 0.00000
 20.50       0 0.00000  0.0000 0.00000 0.00000 0.00000 0.00000
 21.50       0 0.00000  0.0000 0.00000 0.00000 0.00000 0.00000
 22.50       0 0.00000  0.0000 0.00000 0.00000 0.00000 0.00000
 23.50       0 0.00000  0.0000 0.00000 0.00000 0.00000 0.00000
