  0.50     983 0.04669  0.0443 17.67950 0.00053 0.00067 5.83726
  1.50    1892 0.04606  0.0908 18.00905 0.00051 0.00064 0.19839
  2.50    4791 0.04707  0.1386 17.43640 0.00052 0.00065 0.19354
  3.50    4945 0.04627  0.1964 17.92842 0.00053 0.00066 0.27279
  4.50    6938 0.04665  0.2476 17.67549 0.00052 0.00066 0.32001
  5.50    8259 0.04768  0.3024 17.10526 0.00054 0.00068 0.38249
  6.50   11688 0.04736  0.3621 17.29973 0.00054 0.00068 0.43997
  7.50   14325 0.04809  0.4253 16.88260 0.00055 0.00070 0.50944
  8.50   14053 0.04936  0.4956 16.21634 0.00057 0.00072 0.59893
  9.50   17875 0.04996  0.5533 15.92384 0.00057 0.00072 0.65749
 10.50   21211 0.05019  0.6254 15.80329 0.00057 0.00073 0.73774
 11.50   20908 0.05012  0.6909 15.85939 0.00058 0.00074 0.81936
 12.50   30985 0.05135  0.7660 15.24566 0.00058 0.00074 0.89179
 13.50   26806 0.05156  0.8454 15.16394 0.00059 0.00074 0.99599
 14.50   35997 0.05153  0.9250 15.15176 0.00057 0.00073 1.07556
 15.50   35501 0.05119  1.0112 15.31911 0.00056 0.00072 1.17887
 16.50   37340 0.05049  1.0947 15.65735 0.00055 0.00069 1.27415
 17.50   39750 0.04981  1.1763 15.92628 0.00052 0.00065 1.36490
 18.50   36829 0.04904  1.2613 16.27327 0.00048 0.00060 1.46621
 19.50   47596 0.04734  1.3522 17.13487 0.00044 0.00055 1.55264
 20.50   40577 0.04489  1.4595 18.45185 0.00038 0.00047 1.67380
 21.50   34391 0.04248  1.5713 19.84356 0.00030 0.00038 1.79566
 22.50   27920 0.03913  1.6925 22.08053 0.00023 0.00028 1.92094
 23.50   19791 0.03618  1.8333 24.24382 0.00015 0.00018 2.06806
