  0.50       0 0.00000  0.0000 0.00000  0.0000 0.00000 0.00000
  1.50       0 0.00000  0.0000 0.00000  0.0000 0.00000 0.00000
  2.50       0 0.00000  0.0000 0.00000  0.0000 0.00000 0.00000
  3.50      20 0.02520  1.8501 -0.15411 0.00002 0.00000 2.64437
  4.50     643 0.04097  1.2021 -1.33104 0.00015 0.00003 2.40971
  5.50    2317 0.04670  0.7915 -0.70296 0.00058 0.00013 1.68548
  6.50    7808 0.05470  0.4543 -0.43078 0.00163 0.00041 0.99289
  7.50  125895 0.10835  0.5838 -0.86400 0.01826 0.00840 2.63568
  8.50  529143 0.12586  1.1995 0.13763 0.07056 0.03058 5.02858
  9.50  370686 0.09650  1.5383 0.31612 0.03417 0.01238 5.03430
 10.50  124633 0.06774  1.9757 0.24540 0.00851 0.00249 4.89817
 11.50   18383 0.04244  2.6411 0.20970 0.00107 0.00025 4.94290
 12.50     841 0.02343  3.5715 1.70870 0.00006 0.00001 4.99988
 13.50       0 0.00000  0.0000 0.00000  0.0000 0.00000 0.00000
 14.50       0 0.00000  0.0000 0.00000  0.0000 0.00000 0.00000
 15.50       0 0.00000  0.0000 0.00000  0.0000 0.00000 0.00000
 16.50       0 0.00000  0.0000 0.00000  0.0000 0.00000 0.00000
 17.50       0 0.00000  0.0000 0.00000  0.0000 0.00000 0.00000
 18.50       0 0.00000  0.0000 0.00000  0.0000 0.00000 0.00000
 19.50       0 0.00000  0.0000 0.00000  0.0000 0.00000 0.00000
 20.50       0 0.00000  0.0000 0.00000  0.0000 0.00000 0.00000
 21.50       0 0.00000  0.0000 0.00000  0.0000 0.00000 0.00000
 22.50       0 0.00000  0.0000 0.00000  0.0000 0.00000 0.00000
 23.50       0 0.00000  0.0000 0.00000  0.0000 0.00000 0.00000
