  0.50     362 0.01776  0.0225 59.14850 0.00012 0.00015 9.58838
  1.50     659 0.01778  0.0538 59.12875 0.00011 0.00014 0.11185
  2.50    1671 0.01821  0.0791 57.45256 0.00011 0.00014 0.10349
  3.50    1625 0.01787  0.1127 58.70182 0.00011 0.00013 0.14930
  4.50    2401 0.01767  0.1473 59.58990 0.00011 0.00014 0.17895
  5.50    2785 0.01799  0.1753 58.27913 0.00012 0.00014 0.20964
  6.50    3833 0.01802  0.2086 58.25324 0.00012 0.00014 0.23949
  7.50    4574 0.01813  0.2417 57.75225 0.00012 0.00014 0.27321
  8.50    4212 0.01847  0.2760 56.59426 0.00011 0.00014 0.31450
  9.50    5521 0.01830  0.3097 57.27919 0.00012 0.00014 0.34600
 10.50    6456 0.01881  0.3446 55.42595 0.00012 0.00015 0.38214
 11.50    6332 0.01908  0.3786 54.66916 0.00013 0.00015 0.42184
 12.50    9118 0.01894  0.4192 55.03629 0.00012 0.00015 0.45707
 13.50    8057 0.01898  0.4538 54.92222 0.00013 0.00016 0.50064
 14.50   10669 0.01931  0.4961 53.84550 0.00013 0.00016 0.54026
 15.50   10562 0.02002  0.5379 51.61594 0.00013 0.00016 0.58726
 16.50   11567 0.02023  0.5795 50.91690 0.00014 0.00016 0.63188
 17.50   12953 0.02057  0.6222 49.96676 0.00014 0.00017 0.67683
 18.50   12909 0.02101  0.6664 48.75215 0.00014 0.00017 0.72697
 19.50   18518 0.02110  0.7147 48.54405 0.00015 0.00018 0.77185
 20.50   18183 0.02170  0.7712 46.94078 0.00015 0.00018 0.83566
 21.50   18945 0.02198  0.8192 46.25331 0.00015 0.00018 0.88909
 22.50   20390 0.02251  0.8766 44.99626 0.00015 0.00019 0.95232
 23.50   22012 0.02303  0.9326 43.78561 0.00016 0.00019 1.01422
