  0.50      81 0.00500  0.0322 244.57900 0.00003 0.00004 9.23672
  1.50     149 0.00916  0.0573 163.58520 0.00003 0.00003 0.11270
  2.50     401 0.00625  0.1000 216.68890 0.00003 0.00004 0.12377
  3.50     390 0.00500  0.1462 245.36460 0.00003 0.00003 0.17939
  4.50     556 0.00500  0.1676 245.59843 0.00003 0.00003 0.19683
  5.50     673 0.00585  0.2108 226.68452 0.00003 0.00004 0.24326
  6.50     966 0.00556  0.2440 232.82536 0.00003 0.00004 0.27396
  7.50    1102 0.00515  0.2923 239.40608 0.00003 0.00004 0.32017
  8.50    1059 0.00528  0.3245 237.23083 0.00003 0.00004 0.36106
  9.50    1443 0.00514  0.3625 240.35020 0.00003 0.00004 0.39487
 10.50    1767 0.00534  0.4161 237.60212 0.00003 0.00004 0.44978
 11.50    1715 0.00518  0.4492 239.78625 0.00003 0.00004 0.48823
 12.50    2746 0.00520  0.5006 238.87257 0.00004 0.00005 0.53437
 13.50    2299 0.00530  0.5464 238.76558 0.00004 0.00005 0.58902
 14.50    3263 0.00500  0.5959 246.57404 0.00004 0.00005 0.63580
 15.50    3396 0.00521  0.6455 239.37517 0.00004 0.00005 0.69041
 16.50    3780 0.00579  0.7025 225.28608 0.00004 0.00005 0.75103
 17.50    4298 0.00662  0.7533 196.30148 0.00005 0.00006 0.80549
 18.50    4578 0.00642  0.8144 205.09867 0.00005 0.00006 0.87204
 19.50    6462 0.00620  0.8741 214.14340 0.00005 0.00006 0.92675
 20.50    6776 0.00739  0.9457 182.38137 0.00005 0.00007 1.00785
 21.50    7122 0.00856  1.0182 152.23080 0.00005 0.00007 1.08792
 22.50    7720 0.00925  1.0815 139.14759 0.00006 0.00007 1.15816
 23.50    8507 0.00904  1.1539 145.02893 0.00006 0.00007 1.23525
