  0.50      26 0.01838  0.0068 80.63530 0.00001 0.00002 7.54435
  1.50      40 0.02722  0.0602 51.36210 0.00001 0.00002 0.13217
  2.50     122 0.02739  0.1189 51.11456 0.00001 0.00002 0.15389
  3.50     133 0.02586  0.1669 55.94170 0.00001 0.00002 0.21341
  4.50     181 0.02896  0.1974 49.37161 0.00001 0.00002 0.24060
  5.50     190 0.02326  0.2379 62.79297 0.00001 0.00002 0.28278
  6.50     321 0.02624  0.2724 54.72008 0.00001 0.00002 0.31417
  7.50     385 0.02617  0.3244 54.68423 0.00001 0.00002 0.36610
  8.50     338 0.02571  0.3798 55.84365 0.00001 0.00002 0.43104
  9.50     468 0.02812  0.4162 49.99622 0.00001 0.00002 0.46616
 10.50     572 0.02977  0.4685 46.09664 0.00001 0.00002 0.52114
 11.50     545 0.02906  0.5155 48.10852 0.00001 0.00002 0.57733
 12.50     774 0.02891  0.5775 47.83413 0.00001 0.00002 0.63299
 13.50     679 0.02866  0.6302 48.97054 0.00001 0.00002 0.70000
 14.50     928 0.02987  0.6814 46.86029 0.00001 0.00002 0.74853
 15.50     979 0.03081  0.7417 44.53809 0.00001 0.00003 0.81543
 16.50    1030 0.03243  0.8088 41.36080 0.00001 0.00002 0.88845
 17.50    1212 0.03253  0.8705 41.01586 0.00002 0.00003 0.95441
 18.50    1157 0.03414  0.9298 39.39001 0.00001 0.00003 1.02427
 19.50    1552 0.03440  1.0053 38.55974 0.00001 0.00002 1.09787
 20.50    1524 0.03435  1.0850 38.84994 0.00001 0.00002 1.18972
 21.50    1507 0.03516  1.1571 37.07358 0.00001 0.00002 1.27193
 22.50    1513 0.03302  1.2390 40.76841 0.00001 0.00002 1.36183
 23.50    1397 0.03096  1.3058 44.47497 0.00001 0.00002 1.43262
