  0.50     132 0.12231  0.0551 2.68274 0.00012 0.00022 2.08281
  1.50     279 0.11218  0.1437 4.10586 0.00012 0.00023 0.35121
  2.50     708 0.11680  0.2303 3.45232 0.00012 0.00023 0.34400
  3.50     656 0.11403  0.3466 3.76988 0.00011 0.00021 0.50852
  4.50    1031 0.11413  0.3945 3.85560 0.00012 0.00023 0.54738
  5.50    1181 0.10842  0.5011 4.64261 0.00012 0.00022 0.66852
  6.50    1598 0.11148  0.5765 4.14210 0.00011 0.00021 0.74692
  7.50    1910 0.10875  0.6851 4.51763 0.00011 0.00020 0.86689
  8.50    1765 0.10504  0.7835 5.09461 0.00010 0.00019 0.99402
  9.50    2145 0.10242  0.8681 5.50186 0.00010 0.00018 1.07643
 10.50    2238 0.09500  0.9759 6.78417 0.00008 0.00015 1.18733
 11.50    1937 0.08985  1.0498 7.82313 0.00007 0.00013 1.28022
 12.50    2417 0.08342  1.1574 9.16705 0.00006 0.00011 1.37404
 13.50    1631 0.07690  1.2519 10.89383 0.00005 0.00009 1.49148
 14.50    1711 0.06474  1.3403 15.01371 0.00004 0.00006 1.55158
 15.50     971 0.05635  1.4716 18.76477 0.00002 0.00004 1.69112
 16.50     338 0.04268  1.5732 29.71804 0.00001 0.00002 1.80466
 17.50      22 0.04119  1.6836 30.54320 0.00001 0.00001 2.87844
 18.50       0 0.00000  0.0000 0.00000 0.00000 0.00000 0.00000
 19.50       0 0.00000  0.0000 0.00000 0.00000 0.00000 0.00000
 20.50       0 0.00000  0.0000 0.00000 0.00000 0.00000 0.00000
 21.50       0 0.00000  0.0000 0.00000 0.00000 0.00000 0.00000
 22.50       0 0.00000  0.0000 0.00000 0.00000 0.00000 0.00000
 23.50       0 0.00000  0.0000 0.00000 0.00000 0.00000 0.00000
