  0.50   18936 0.03802  0.0314 2.93234 0.00717 0.00152 8.61146
  1.50   37925 0.03822  0.0731 2.90130 0.00716 0.00152 0.27200
  2.50   94664 0.03845  0.1178 2.86250 0.00712 0.00151 0.26520
  3.50   96042 0.03845  0.1678 2.87021 0.00717 0.00153 0.37570
  4.50  136420 0.03862  0.2095 2.85337 0.00722 0.00154 0.43800
  5.50  158468 0.03872  0.2534 2.84540 0.00727 0.00155 0.51920
  6.50  221655 0.03894  0.3031 2.81809 0.00730 0.00156 0.59793
  7.50  270185 0.03913  0.3548 2.80764 0.00742 0.00159 0.69067
  8.50  254898 0.03943  0.4062 2.77018 0.00745 0.00160 0.80021
  9.50  329502 0.03969  0.4556 2.75049 0.00757 0.00163 0.88362
 10.50  385976 0.04002  0.5113 2.71701 0.00766 0.00165 0.98755
 11.50  374024 0.04028  0.5656 2.68837 0.00771 0.00167 1.10217
 12.50  562410 0.04059  0.6261 2.66583 0.00785 0.00171 1.19978
 13.50  485105 0.04113  0.6928 2.60816 0.00795 0.00174 1.35151
 14.50  668302 0.04154  0.7583 2.57001 0.00807 0.00177 1.46776
 15.50  673580 0.04200  0.8294 2.52589 0.00818 0.00180 1.62030
 16.50  735944 0.04243  0.9033 2.48366 0.00827 0.00183 1.77305
 17.50  839588 0.04294  0.9793 2.43811 0.00841 0.00187 1.93061
 18.50  847700 0.04344  1.0596 2.38618 0.00848 0.00190 2.10728
 19.50 1208447 0.04383  1.1541 2.34985 0.00856 0.00192 2.28563
 20.50 1204533 0.04437  1.2589 2.29173 0.00860 0.00194 2.51895
 21.50 1269065 0.04476  1.3680 2.24664 0.00860 0.00195 2.75618
 22.50 1371176 0.04507  1.4800 2.20628 0.00855 0.00195 2.99562
 23.50 1468542 0.04531  1.5999 2.16511 0.00842 0.00192 3.25236
