  0.50   72560 0.08864  0.0526 1.05888 0.05031 0.01681 7.22341
  1.50  147009 0.08853  0.1241 1.07000 0.05065 0.01691 0.84193
  2.50  371809 0.08875  0.2079 1.05876 0.05054 0.01690 0.80437
  3.50  378900 0.08890  0.2942 1.05112 0.05048 0.01690 1.13890
  4.50  541839 0.08915  0.3715 1.03839 0.05038 0.01689 1.33484
  5.50  634352 0.08930  0.4541 1.02730 0.05013 0.01683 1.59566
  6.50  901034 0.08935  0.5444 1.02137 0.04995 0.01678 1.83602
  7.50 1099519 0.08925  0.6479 1.01205 0.04928 0.01654 2.14729
  8.50 1045498 0.08905  0.7501 1.00234 0.04840 0.01622 2.50245
  9.50 1339391 0.08855  0.8531 0.99767 0.04717 0.01575 2.78014
 10.50 1550639 0.08766  0.9681 0.99982 0.04550 0.01509 3.10301
 11.50 1473170 0.08653  1.0858 0.99907 0.04330 0.01424 3.46408
 12.50 2110780 0.08478  1.2203 1.00760 0.04038 0.01310 3.75239
 13.50 1715929 0.08254  1.3715 1.02101 0.03693 0.01177 4.18086
 14.50 2172147 0.07980  1.5342 1.03767 0.03294 0.01027 4.50107
 15.50 1955487 0.07636  1.7269 1.06101 0.02835 0.00859 4.91931
 16.50 1849705 0.07239  1.9437 1.08773 0.02352 0.00689 5.32017
 17.50 1743076 0.06776  2.1944 1.12416 0.01862 0.00524 5.72052
 18.50 1385287 0.06212  2.5016 1.18929 0.01377 0.00369 6.15516
 19.50 1383459 0.05474  2.9193 1.31528 0.00896 0.00225 6.53423
 20.50  816996 0.04548  3.4388 1.58318 0.00484 0.00111 6.89670
 21.50  421958 0.03624  3.9251 2.01034 0.00221 0.00046 6.99899
 22.50  173673 0.02773  4.2589 2.67778 0.00081 0.00016 6.79535
 23.50   46894 0.01975  4.5271 3.92801 0.00020 0.00004 6.47377
