  0.50     221 0.03427  0.0387 30.46590 0.00010 0.00014 7.49413
  1.50     403 0.03096  0.0681 34.91960 0.00009 0.00013 0.14899
  2.50     992 0.03341  0.1128 31.68180 0.00009 0.00013 0.15094
  3.50    1017 0.03241  0.1568 32.90540 0.00009 0.00013 0.21076
  4.50    1445 0.03226  0.2007 33.12297 0.00009 0.00013 0.25015
  5.50    1698 0.03380  0.2502 31.28735 0.00009 0.00013 0.30425
  6.50    2367 0.03427  0.2917 30.53547 0.00009 0.00013 0.34160
  7.50    2894 0.03310  0.3505 32.21445 0.00009 0.00013 0.40371
  8.50    2724 0.03556  0.3968 29.06729 0.00009 0.00014 0.46192
  9.50    3594 0.03488  0.4492 29.99349 0.00010 0.00014 0.51318
 10.50    4187 0.03614  0.4970 28.56806 0.00010 0.00014 0.56424
 11.50    4209 0.03601  0.5551 28.66846 0.00010 0.00015 0.63254
 12.50    6329 0.03645  0.6150 28.16068 0.00010 0.00015 0.68677
 13.50    5623 0.03702  0.6745 27.59279 0.00011 0.00016 0.76206
 14.50    7618 0.03829  0.7393 26.25854 0.00011 0.00016 0.82597
 15.50    7723 0.03815  0.8068 26.43866 0.00011 0.00016 0.90416
 16.50    8482 0.03997  0.8789 24.72130 0.00011 0.00016 0.98562
 17.50    9391 0.03969  0.9491 24.95927 0.00011 0.00016 1.06225
 18.50    9418 0.03921  1.0168 25.44604 0.00011 0.00016 1.14074
 19.50   12737 0.04010  1.0979 24.53804 0.00011 0.00016 1.22083
 20.50   12268 0.04029  1.1894 24.39084 0.00011 0.00015 1.32652
 21.50   11967 0.04121  1.2719 23.57068 0.00010 0.00014 1.42215
 22.50   11446 0.04011  1.3632 24.34971 0.00009 0.00013 1.52254
 23.50   11082 0.04023  1.4607 24.20507 0.00008 0.00012 1.62985
