  0.50     342 0.02398  0.0352 39.43980 0.00012 0.00014 9.20470
  1.50     667 0.02399  0.0503 39.40800 0.00012 0.00014 0.10984
  2.50    1532 0.02425  0.0872 39.01986 0.00011 0.00013 0.11544
  3.50    1659 0.02359  0.1221 40.47764 0.00012 0.00014 0.16137
  4.50    2326 0.02413  0.1571 39.12560 0.00012 0.00014 0.19130
  5.50    2670 0.02348  0.1901 40.49694 0.00012 0.00013 0.22665
  6.50    3744 0.02461  0.2224 38.27335 0.00012 0.00014 0.25677
  7.50    4468 0.02435  0.2632 38.80975 0.00012 0.00014 0.29917
  8.50    4152 0.02446  0.3029 38.56391 0.00012 0.00014 0.34594
  9.50    5283 0.02445  0.3362 38.53964 0.00012 0.00014 0.37800
 10.50    6083 0.02446  0.3738 38.58015 0.00012 0.00014 0.41727
 11.50    5968 0.02494  0.4122 37.66651 0.00012 0.00014 0.46241
 12.50    8773 0.02544  0.4515 36.77421 0.00012 0.00014 0.49774
 13.50    7568 0.02577  0.4980 36.17805 0.00013 0.00015 0.55429
 14.50   10183 0.02554  0.5402 36.60428 0.00013 0.00015 0.59358
 15.50    9972 0.02617  0.5864 35.52978 0.00013 0.00015 0.64643
 16.50   11221 0.02642  0.6317 35.18256 0.00014 0.00016 0.69592
 17.50   12294 0.02703  0.6830 34.19224 0.00013 0.00016 0.75069
 18.50   12213 0.02694  0.7268 34.35280 0.00014 0.00016 0.80083
 19.50   17282 0.02742  0.7829 33.61637 0.00014 0.00016 0.85550
 20.50   16852 0.02753  0.8442 33.44226 0.00014 0.00016 0.92478
 21.50   17700 0.02818  0.9026 32.46062 0.00014 0.00016 0.99123
 22.50   19084 0.02910  0.9608 31.19304 0.00014 0.00017 1.05715
 23.50   20354 0.02928  1.0208 30.94947 0.00015 0.00017 1.12442
