  0.50       0 0.00000  0.0000 0.00000 0.00000 0.00000 0.00000
  1.50       0 0.00000  0.0000 0.00000 0.00000 0.00000 0.00000
  2.50       0 0.00000  0.0000 0.00000 0.00000 0.00000 0.00000
  3.50       0 0.00000  0.0000 0.00000 0.00000 0.00000 0.00000
  4.50      10 0.04450  0.3312 10.32650 0.00001 0.00001 0.35694
  5.50      58 0.04351  0.2410 13.02679 0.00002 0.00002 0.34202
  6.50     215 0.04466  0.1265 12.25427 0.00003 0.00003 0.18054
  7.50   21475 0.12103  0.6100 2.58202 0.00171 0.00207 1.01759
  8.50  119014 0.14051  0.9809 0.64069 0.00983 0.01162 1.49446
  9.50  136931 0.11943  1.1218 1.96506 0.00845 0.00965 1.60101
 10.50  121548 0.09984  1.2561 3.51034 0.00619 0.00686 1.70790
 11.50   78202 0.08212  1.3767 5.43975 0.00400 0.00430 1.80276
 12.50   51485 0.06532  1.5222 7.86794 0.00172 0.00180 1.89072
 13.50    8402 0.05277  1.6844 9.98488 0.00032 0.00032 2.16493
 14.50     798 0.03911  1.8269 15.23343 0.00004 0.00004 2.02344
 15.50       0 0.00000  0.0000 0.00000 0.00000 0.00000 0.00000
 16.50       0 0.00000  0.0000 0.00000 0.00000 0.00000 0.00000
 17.50       0 0.00000  0.0000 0.00000 0.00000 0.00000 0.00000
 18.50       0 0.00000  0.0000 0.00000 0.00000 0.00000 0.00000
 19.50       0 0.00000  0.0000 0.00000 0.00000 0.00000 0.00000
 20.50       0 0.00000  0.0000 0.00000 0.00000 0.00000 0.00000
 21.50       0 0.00000  0.0000 0.00000 0.00000 0.00000 0.00000
 22.50       0 0.00000  0.0000 0.00000 0.00000 0.00000 0.00000
 23.50       0 0.00000  0.0000 0.00000 0.00000 0.00000 0.00000
