  0.50       0 0.00000  0.0000 0.00000 0.00000 0.00000 0.00000
  1.50       0 0.00000  0.0000 0.00000 0.00000 0.00000 0.00000
  2.50       0 0.00000  0.0000 0.00000 0.00000 0.00000 0.00000
  3.50       0 0.00000  0.0000 0.00000 0.00000 0.00000 0.00000
  4.50       0 0.00000  0.0000 0.00000 0.00000 0.00000 0.00000
  5.50       0 0.00000  0.0000 0.00000 0.00000 0.00000 0.00000
  6.50      26 0.15698  0.4874 -4.72627 0.00010 0.00015 3.59172
  7.50    7591 0.15364  0.7251 -1.72781 0.00195 0.00287 1.04805
  8.50    4903 0.11157  0.8415 1.62876 0.00131 0.00187 1.12431
  9.50     232 0.08729  0.9421 2.42254 0.00010 0.00014 1.32027
 10.50       0 0.00000  0.0000 0.00000 0.00000 0.00000 0.00000
 11.50       0 0.00000  0.0000 0.00000 0.00000 0.00000 0.00000
 12.50       0 0.00000  0.0000 0.00000 0.00000 0.00000 0.00000
 13.50       0 0.00000  0.0000 0.00000 0.00000 0.00000 0.00000
 14.50       0 0.00000  0.0000 0.00000 0.00000 0.00000 0.00000
 15.50       0 0.00000  0.0000 0.00000 0.00000 0.00000 0.00000
 16.50       0 0.00000  0.0000 0.00000 0.00000 0.00000 0.00000
 17.50       0 0.00000  0.0000 0.00000 0.00000 0.00000 0.00000
 18.50       0 0.00000  0.0000 0.00000 0.00000 0.00000 0.00000
 19.50       0 0.00000  0.0000 0.00000 0.00000 0.00000 0.00000
 20.50       0 0.00000  0.0000 0.00000 0.00000 0.00000 0.00000
 21.50       0 0.00000  0.0000 0.00000 0.00000 0.00000 0.00000
 22.50       0 0.00000  0.0000 0.00000 0.00000 0.00000 0.00000
 23.50       0 0.00000  0.0000 0.00000 0.00000 0.00000 0.00000
