  0.50    1754 0.02796  0.0349 27.46830 0.00064 0.00063 8.90405
  1.50    3609 0.02886  0.0594 26.41055 0.00066 0.00065 0.11871
  2.50    8858 0.02833  0.0945 27.02184 0.00065 0.00064 0.12342
  3.50    9146 0.02829  0.1322 27.10814 0.00067 0.00065 0.17724
  4.50   12927 0.02814  0.1692 27.29189 0.00067 0.00066 0.20956
  5.50   14982 0.02850  0.2027 26.85769 0.00067 0.00066 0.24731
  6.50   20826 0.02865  0.2440 26.69943 0.00068 0.00066 0.28581
  7.50   24755 0.02886  0.2827 26.42158 0.00067 0.00066 0.32639
  8.50   23625 0.02910  0.3249 26.17585 0.00069 0.00068 0.37699
  9.50   30278 0.02897  0.3646 26.34647 0.00070 0.00068 0.41801
 10.50   35436 0.02940  0.4069 25.85891 0.00071 0.00070 0.46196
 11.50   33909 0.02941  0.4471 25.85101 0.00071 0.00070 0.50972
 12.50   50661 0.02995  0.4932 25.27074 0.00073 0.00071 0.55280
 13.50   43592 0.03010  0.5436 25.12451 0.00074 0.00073 0.61575
 14.50   59299 0.03057  0.5910 24.63461 0.00075 0.00074 0.66215
 15.50   59077 0.03094  0.6431 24.26407 0.00076 0.00075 0.72250
 16.50   64654 0.03119  0.6947 24.02978 0.00078 0.00077 0.77994
 17.50   72401 0.03184  0.7476 23.39869 0.00079 0.00078 0.83804
 18.50   73500 0.03201  0.8014 23.26089 0.00081 0.00080 0.90069
 19.50  103324 0.03237  0.8645 22.93702 0.00082 0.00081 0.96445
 20.50  101757 0.03284  0.9345 22.50088 0.00083 0.00082 1.04565
 21.50  106404 0.03334  1.0021 22.06204 0.00084 0.00083 1.12329
 22.50  113206 0.03384  1.0711 21.62272 0.00084 0.00083 1.20213
 23.50  120938 0.03414  1.1420 21.37076 0.00084 0.00083 1.28289
