  0.50     201 0.06016  0.0492 15.09520 0.00012 0.00019 5.31332
  1.50     376 0.05880  0.0937 15.67360 0.00011 0.00018 0.21025
  2.50    1005 0.05829  0.1501 16.05510 0.00012 0.00019 0.20717
  3.50    1109 0.06005  0.2059 15.30342 0.00013 0.00021 0.28537
  4.50    1548 0.06089  0.2720 14.82286 0.00013 0.00021 0.34969
  5.50    1878 0.06105  0.3325 14.78104 0.00013 0.00021 0.41725
  6.50    2616 0.06175  0.3970 14.47031 0.00013 0.00021 0.47953
  7.50    3161 0.06044  0.4707 15.14108 0.00013 0.00021 0.55936
  8.50    3014 0.06261  0.5417 14.15740 0.00013 0.00021 0.65008
  9.50    3995 0.06339  0.6023 13.83681 0.00014 0.00022 0.71152
 10.50    4613 0.06375  0.6779 13.66885 0.00013 0.00022 0.79434
 11.50    4390 0.06482  0.7451 13.22606 0.00013 0.00021 0.87977
 12.50    6561 0.06477  0.8304 13.28314 0.00013 0.00021 0.96107
 13.50    5395 0.06456  0.9134 13.33736 0.00012 0.00020 1.06908
 14.50    7170 0.06265  1.0014 14.03418 0.00012 0.00020 1.15428
 15.50    6685 0.06126  1.0841 14.59408 0.00011 0.00018 1.25235
 16.50    6590 0.06105  1.1696 14.58122 0.00010 0.00017 1.34738
 17.50    6669 0.05969  1.2544 15.16670 0.00009 0.00015 1.44127
 18.50    5799 0.05740  1.3446 16.10904 0.00008 0.00013 1.54459
 19.50    6480 0.05400  1.4493 17.68014 0.00006 0.00010 1.63936
 20.50    4611 0.04879  1.5737 20.52912 0.00004 0.00007 1.77221
 21.50    2764 0.04518  1.7184 22.66367 0.00003 0.00004 1.92583
 22.50    1362 0.04157  1.8805 25.49795 0.00001 0.00002 2.09441
 23.50     349 0.03415  2.0038 34.63820 0.00000 0.00001 2.25441
