  0.50    5889 0.13636  0.0759 0.75984 0.00565 0.00825 1.19639
  1.50   11360 0.13914  0.1532 0.50033 0.00540 0.00792 0.39689
  2.50   28767 0.13681  0.2479 0.67418 0.00537 0.00785 0.39911
  3.50   29000 0.13649  0.3473 0.68162 0.00527 0.00770 0.56152
  4.50   40815 0.13384  0.4373 0.86783 0.00514 0.00748 0.65667
  5.50   46871 0.13191  0.5249 0.99980 0.00499 0.00725 0.77114
  6.50   63924 0.12681  0.6294 1.39179 0.00473 0.00683 0.88157
  7.50   73446 0.12196  0.7360 1.77074 0.00437 0.00628 1.00570
  8.50   64914 0.11549  0.8432 2.33079 0.00397 0.00566 1.14813
  9.50   75591 0.10870  0.9541 2.97329 0.00350 0.00495 1.25976
 10.50   76686 0.10040  1.0747 3.87007 0.00295 0.00413 1.38674
 11.50   62625 0.09203  1.1955 4.93172 0.00241 0.00334 1.52666
 12.50   71192 0.08250  1.3310 6.35548 0.00179 0.00245 1.63990
 13.50   41086 0.07783  1.4802 6.91133 0.00117 0.00157 1.81067
 14.50   31107 0.06673  1.6349 9.19836 0.00063 0.00084 1.94001
 15.50   11594 0.05351  1.8229 13.17898 0.00023 0.00030 2.12200
 16.50    2511 0.03901  1.9965 23.66912 0.00004 0.00006 2.27081
 17.50     174 0.03334  2.1420 28.77115 0.00001 0.00001 2.54420
 18.50       0 0.00000  0.0000 0.00000 0.00000 0.00000 0.00000
 19.50       0 0.00000  0.0000 0.00000 0.00000 0.00000 0.00000
 20.50       0 0.00000  0.0000 0.00000 0.00000 0.00000 0.00000
 21.50       0 0.00000  0.0000 0.00000 0.00000 0.00000 0.00000
 22.50       0 0.00000  0.0000 0.00000 0.00000 0.00000 0.00000
 23.50       0 0.00000  0.0000 0.00000 0.00000 0.00000 0.00000
