  0.50     519 0.04167  0.0372 19.58490 0.00025 0.00029 6.81631
  1.50    1026 0.04095  0.0729 20.06265 0.00025 0.00029 0.16362
  2.50    2529 0.04071  0.1226 20.24684 0.00024 0.00028 0.16461
  3.50    2633 0.04022  0.1736 20.62494 0.00025 0.00029 0.23459
  4.50    3747 0.03987  0.2192 20.87806 0.00025 0.00030 0.27542
  5.50    4337 0.04078  0.2649 20.22624 0.00025 0.00030 0.32771
  6.50    6029 0.04095  0.3144 20.11776 0.00025 0.00030 0.37568
  7.50    7357 0.04126  0.3727 19.89712 0.00025 0.00030 0.43853
  8.50    6950 0.04206  0.4244 19.36585 0.00026 0.00030 0.50371
  9.50    9121 0.04219  0.4786 19.29786 0.00026 0.00031 0.55925
 10.50   10587 0.04369  0.5396 18.35166 0.00026 0.00031 0.62672
 11.50   10496 0.04322  0.5900 18.65886 0.00027 0.00032 0.68846
 12.50   15597 0.04388  0.6620 18.23416 0.00027 0.00032 0.75855
 13.50   13529 0.04431  0.7268 17.99452 0.00028 0.00033 0.84214
 14.50   18416 0.04499  0.7935 17.59028 0.00028 0.00033 0.91009
 15.50   18442 0.04511  0.8694 17.52449 0.00028 0.00033 0.99967
 16.50   19885 0.04529  0.9409 17.44503 0.00028 0.00033 1.08173
 17.50   22108 0.04522  1.0132 17.42649 0.00028 0.00033 1.16272
 18.50   22082 0.04530  1.0911 17.40026 0.00028 0.00033 1.25524
 19.50   29797 0.04518  1.1743 17.45309 0.00027 0.00031 1.33993
 20.50   27704 0.04459  1.2640 17.74511 0.00025 0.00030 1.44496
 21.50   27150 0.04403  1.3548 18.03208 0.00023 0.00028 1.54887
 22.50   26541 0.04200  1.4478 19.23973 0.00021 0.00025 1.64840
 23.50   25096 0.04053  1.5504 20.15559 0.00019 0.00022 1.76087
