  0.50    4923 0.02979  0.0292 13.01060 0.00186 0.00001 1.44433
  1.50    9911 0.02956  0.0637 13.15610 0.00187 0.00000 0.15428
  2.50   25282 0.02973  0.1009 13.06824 0.00191 0.00000 0.14505
  3.50   25125 0.02978  0.1426 13.02798 0.00188 0.00000 0.20574
  4.50   35916 0.03008  0.1830 12.85943 0.00191 0.00000 0.24505
  5.50   41293 0.03009  0.2186 12.85399 0.00191 0.00000 0.28691
  6.50   58176 0.03031  0.2625 12.73523 0.00194 0.00000 0.33151
  7.50   71283 0.03061  0.3078 12.58732 0.00198 0.00000 0.38281
  8.50   66746 0.03057  0.3514 12.61083 0.00199 0.00000 0.44049
  9.50   85492 0.03104  0.3934 12.35004 0.00201 0.00000 0.48499
 10.50  100795 0.03130  0.4402 12.22981 0.00206 0.00000 0.53877
 11.50   97369 0.03157  0.4866 12.08788 0.00207 0.00000 0.59900
 12.50  145358 0.03196  0.5365 11.89440 0.00211 0.00000 0.64823
 13.50  125632 0.03220  0.5905 11.79456 0.00216 0.00000 0.72301
 14.50  171698 0.03189  0.6454 11.97976 0.00219 0.00000 0.78091
 15.50  171944 0.03136  0.7055 12.27211 0.00222 0.00000 0.85842
 16.50  189051 0.03160  0.7649 12.16588 0.00227 0.00000 0.93138
 17.50  212903 0.03210  0.8255 11.90581 0.00230 0.00000 1.00583
 18.50  216226 0.03248  0.8885 11.73009 0.00235 0.00000 1.08756
 19.50  307137 0.03318  0.9637 11.39307 0.00239 0.00000 1.17180
 20.50  305107 0.03373  1.0443 11.13742 0.00242 0.00000 1.27737
 21.50  319831 0.03410  1.1260 10.96747 0.00244 0.00000 1.38186
 22.50  345281 0.03465  1.2091 10.71691 0.00245 0.00000 1.48889
 23.50  368794 0.03507  1.2962 10.52085 0.00244 0.00000 1.60113
