  0.50     848 0.07237  0.0594 8.08251 0.00056 0.00068 4.44123
  1.50    1749 0.07030  0.1008 8.60880 0.00057 0.00070 0.23800
  2.50    4328 0.07133  0.1739 8.34325 0.00056 0.00069 0.24933
  3.50    4358 0.07109  0.2436 8.39175 0.00056 0.00068 0.34962
  4.50    6223 0.07182  0.3081 8.22942 0.00056 0.00068 0.41506
  5.50    7434 0.07261  0.3735 8.06289 0.00057 0.00070 0.49324
  6.50   10613 0.07220  0.4511 8.16726 0.00058 0.00071 0.57369
  7.50   12862 0.07193  0.5334 8.22704 0.00057 0.00070 0.67016
  8.50   12332 0.07112  0.6086 8.42407 0.00058 0.00071 0.77114
  9.50   15928 0.07141  0.6872 8.34818 0.00058 0.00071 0.85484
 10.50   18571 0.07174  0.7748 8.25216 0.00057 0.00070 0.95584
 11.50   18021 0.07106  0.8494 8.41714 0.00056 0.00069 1.05234
 12.50   26105 0.07052  0.9477 8.51255 0.00054 0.00066 1.14868
 13.50   21654 0.06985  1.0399 8.64690 0.00052 0.00063 1.27066
 14.50   28219 0.06736  1.1322 9.25714 0.00049 0.00060 1.36212
 15.50   25927 0.06475  1.2289 9.89058 0.00045 0.00054 1.47666
 16.50   25785 0.06086  1.3230 10.99866 0.00041 0.00049 1.57825
 17.50   25293 0.05787  1.4221 11.87266 0.00035 0.00043 1.68417
 18.50   21279 0.05266  1.5296 13.77892 0.00029 0.00035 1.79657
 19.50   21165 0.04788  1.6691 15.68499 0.00021 0.00024 1.92566
 20.50   11388 0.04146  1.8319 18.93729 0.00011 0.00013 2.09155
 21.50    4516 0.03424  2.0198 24.12424 0.00004 0.00005 2.27554
 22.50     927 0.02602  2.2519 39.57093 0.00001 0.00001 2.50753
 23.50      26 0.03466  2.4794 27.30480 0.00000 0.00000 4.40440
