  0.50    6847 0.03555  0.0310 10.49500 0.00295 0.00002 1.29421
  1.50   13523 0.03526  0.0737 10.61090 0.00291 0.00001 0.18296
  2.50   34251 0.03501  0.1187 10.72920 0.00293 0.00000 0.17690
  3.50   34685 0.03542  0.1666 10.55412 0.00295 0.00000 0.24890
  4.50   49173 0.03579  0.2129 10.39734 0.00296 0.00000 0.29647
  5.50   57371 0.03583  0.2564 10.39086 0.00299 0.00000 0.34935
  6.50   80640 0.03585  0.3070 10.39041 0.00302 0.00000 0.40140
  7.50   98268 0.03619  0.3592 10.26225 0.00307 0.00000 0.46334
  8.50   93631 0.03649  0.4119 10.14933 0.00311 0.00000 0.53630
  9.50  120049 0.03678  0.4628 10.03503 0.00313 0.00000 0.59233
 10.50  141834 0.03727  0.5193 9.85920 0.00319 0.00000 0.66084
 11.50  138729 0.03769  0.5762 9.70629 0.00324 0.00000 0.73800
 12.50  208144 0.03817  0.6389 9.53618 0.00329 0.00000 0.80403
 13.50  180331 0.03873  0.7067 9.34032 0.00334 0.00000 0.90156
 14.50  248241 0.03898  0.7757 9.26248 0.00338 0.00000 0.97826
 15.50  251259 0.03969  0.8495 9.02416 0.00344 0.00000 1.07818
 16.50  275538 0.04018  0.9249 8.86623 0.00349 0.00000 1.17595
 17.50  310769 0.04056  1.0019 8.74064 0.00350 0.00000 1.27368
 18.50  311830 0.04095  1.0847 8.60883 0.00350 0.00000 1.38629
 19.50  438603 0.04142  1.1789 8.44854 0.00349 0.00000 1.49584
 20.50  426653 0.04165  1.2791 8.35751 0.00343 0.00000 1.63130
 21.50  437698 0.04170  1.3831 8.31877 0.00335 0.00000 1.76801
 22.50  453276 0.04151  1.4877 8.33984 0.00320 0.00000 1.90112
 23.50  466266 0.04100  1.5954 8.45868 0.00305 0.00000 2.03629
