  0.50       0 0.00000  0.0000 0.00000 0.00000 0.00000 0.00000
  1.50       0 0.00000  0.0000 0.00000 0.00000 0.00000 0.00000
  2.50       0 0.00000  0.0000 0.00000 0.00000 0.00000 0.00000
  3.50       0 0.00000  0.0000 0.00000 0.00000 0.00000 0.00000
  4.50       0 0.00000  0.0000 0.00000 0.00000 0.00000 0.00000
  5.50       0 0.00000  0.0000 0.00000 0.00000 0.00000 0.00000
  6.50    4422 0.16116  0.7264 -2.35617 0.00148 0.00224 1.46481
  7.50   51848 0.15628  0.8425 -1.27102 0.00382 0.00572 1.22303
  8.50   72800 0.14171  0.9523 0.33687 0.00549 0.00808 1.35347
  9.50   76819 0.12404  1.0885 1.57144 0.00433 0.00624 1.47219
 10.50   67241 0.10617  1.2296 3.17116 0.00313 0.00440 1.60223
 11.50   42889 0.09068  1.3694 4.96689 0.00198 0.00274 1.74334
 12.50   30209 0.07849  1.5186 6.48894 0.00091 0.00123 1.84684
 13.50    6572 0.05957  1.6860 10.65391 0.00022 0.00029 2.00102
 14.50     986 0.04597  1.8392 25.73547 0.00003 0.00004 2.13466
 15.50      10 0.02356  2.0561 39.89620 0.00001 0.00001 5.19919
 16.50       0 0.00000  0.0000 0.00000 0.00000 0.00000 0.00000
 17.50       0 0.00000  0.0000 0.00000 0.00000 0.00000 0.00000
 18.50       0 0.00000  0.0000 0.00000 0.00000 0.00000 0.00000
 19.50       0 0.00000  0.0000 0.00000 0.00000 0.00000 0.00000
 20.50       0 0.00000  0.0000 0.00000 0.00000 0.00000 0.00000
 21.50       0 0.00000  0.0000 0.00000 0.00000 0.00000 0.00000
 22.50       0 0.00000  0.0000 0.00000 0.00000 0.00000 0.00000
 23.50       0 0.00000  0.0000 0.00000 0.00000 0.00000 0.00000
