  0.50   61271 0.07783  0.0491 1.28534 0.03824 0.01172 7.50489
  1.50  122360 0.07796  0.1154 1.27174 0.03798 0.01165 0.69572
  2.50  311227 0.07793  0.1895 1.27938 0.03821 0.01172 0.66423
  3.50  316703 0.07817  0.2694 1.26733 0.03822 0.01174 0.94468
  4.50  453086 0.07838  0.3393 1.25925 0.03830 0.01179 1.10621
  5.50  531736 0.07874  0.4147 1.24287 0.03836 0.01184 1.32530
  6.50  752158 0.07893  0.4972 1.23033 0.03826 0.01183 1.52770
  7.50  922708 0.07923  0.5905 1.21372 0.03819 0.01184 1.78942
  8.50  883694 0.07935  0.6825 1.20326 0.03801 0.01179 2.08846
  9.50 1142162 0.07941  0.7772 1.18861 0.03757 0.01166 2.33430
 10.50 1337239 0.07931  0.8803 1.17530 0.03690 0.01145 2.62019
 11.50 1293207 0.07911  0.9866 1.15926 0.03596 0.01114 2.94575
 12.50 1898418 0.07836  1.1071 1.15714 0.03457 0.01065 3.21580
 13.50 1583085 0.07735  1.2413 1.15111 0.03266 0.00997 3.61231
 14.50 2074286 0.07599  1.3794 1.15062 0.03043 0.00919 3.91036
 15.50 1953222 0.07403  1.5395 1.16090 0.02770 0.00823 4.29515
 16.50 1956667 0.07173  1.7090 1.17328 0.02470 0.00720 4.66066
 17.50 1979679 0.06893  1.9030 1.18934 0.02132 0.00606 5.03317
 18.50 1736350 0.06558  2.1217 1.21666 0.01780 0.00491 5.43571
 19.50 2015507 0.06103  2.4097 1.27047 0.01384 0.00367 5.82096
 20.50 1514506 0.05512  2.7877 1.36927 0.00972 0.00244 6.31645
 21.50 1112220 0.04837  3.2237 1.54395 0.00628 0.00148 6.74571
 22.50  747614 0.04077  3.7017 1.85736 0.00361 0.00079 7.03753
 23.50  415041 0.03301  4.1501 2.32988 0.00175 0.00035 7.13070
