  0.50       0 0.00000  0.0000 0.00000 0.00000 0.00000 0.00000
  1.50       0 0.00000  0.0000 0.00000 0.00000 0.00000 0.00000
  2.50       0 0.00000  0.0000 0.00000 0.00000 0.00000 0.00000
  3.50       0 0.00000  0.0000 0.00000 0.00000 0.00000 0.00000
  4.50       0 0.00000  0.0000 0.00000 0.00000 0.00000 0.00000
  5.50    4587 0.15442  0.6019 -2.05609 0.00090 0.00150 0.98654
  6.50   19036 0.15525  0.7052 -1.09014 0.00162 0.00267 1.00691
  7.50   31802 0.14729  0.7906 0.19195 0.00218 0.00356 1.09991
  8.50   26527 0.13390  0.9086 1.13054 0.00186 0.00299 1.24565
  9.50   28843 0.12211  1.0233 2.08257 0.00153 0.00242 1.35244
 10.50   27534 0.10897  1.1445 3.42675 0.00121 0.00190 1.47070
 11.50   19738 0.09682  1.2588 4.87642 0.00087 0.00135 1.59875
 12.50   19053 0.08733  1.3788 6.12282 0.00055 0.00084 1.68197
 13.50    7423 0.07321  1.5232 8.71627 0.00024 0.00037 1.83553
 14.50    2699 0.05969  1.6697 12.77092 0.00006 0.00009 1.94197
 15.50     211 0.04145  1.7908 23.39760 0.00001 0.00002 2.16988
 16.50       0 0.00000  0.0000 0.00000 0.00000 0.00000 0.00000
 17.50       0 0.00000  0.0000 0.00000 0.00000 0.00000 0.00000
 18.50       0 0.00000  0.0000 0.00000 0.00000 0.00000 0.00000
 19.50       0 0.00000  0.0000 0.00000 0.00000 0.00000 0.00000
 20.50       0 0.00000  0.0000 0.00000 0.00000 0.00000 0.00000
 21.50       0 0.00000  0.0000 0.00000 0.00000 0.00000 0.00000
 22.50       0 0.00000  0.0000 0.00000 0.00000 0.00000 0.00000
 23.50       0 0.00000  0.0000 0.00000 0.00000 0.00000 0.00000
