  0.50    7412 0.03774  0.0288 9.70751 0.00331 0.00002 1.25760
  1.50   14753 0.03742  0.0779 9.82745 0.00328 0.00001 0.19221
  2.50   37055 0.03718  0.1229 9.92275 0.00328 0.00000 0.18540
  3.50   37596 0.03780  0.1734 9.68600 0.00331 0.00000 0.26256
  4.50   53801 0.03807  0.2224 9.59135 0.00335 0.00000 0.31280
  5.50   62491 0.03815  0.2678 9.56877 0.00337 0.00000 0.36848
  6.50   87816 0.03819  0.3191 9.55918 0.00339 0.00000 0.42205
  7.50  107327 0.03846  0.3751 9.47424 0.00345 0.00000 0.48917
  8.50  101870 0.03883  0.4300 9.34507 0.00348 0.00000 0.56628
  9.50  131928 0.03918  0.4838 9.23418 0.00353 0.00000 0.62647
 10.50  155454 0.03980  0.5443 9.02339 0.00358 0.00000 0.70105
 11.50  152356 0.04014  0.6029 8.92067 0.00364 0.00000 0.78151
 12.50  228733 0.04067  0.6700 8.75099 0.00369 0.00000 0.85337
 13.50  198477 0.04100  0.7408 8.65687 0.00375 0.00000 0.95624
 14.50  273467 0.04161  0.8154 8.46760 0.00378 0.00000 1.04140
 15.50  276733 0.04209  0.8933 8.32639 0.00384 0.00000 1.14727
 16.50  302058 0.04256  0.9722 8.18765 0.00387 0.00000 1.25097
 17.50  340665 0.04297  1.0554 8.06221 0.00387 0.00000 1.35840
 18.50  341024 0.04333  1.1439 7.94965 0.00385 0.00000 1.47942
 19.50  473882 0.04353  1.2408 7.87431 0.00379 0.00000 1.59181
 20.50  458612 0.04356  1.3483 7.83900 0.00369 0.00000 1.73691
 21.50  461015 0.04335  1.4585 7.85716 0.00352 0.00000 1.88052
 22.50  474288 0.04276  1.5668 7.98745 0.00335 0.00000 2.01631
 23.50  478849 0.04203  1.6842 8.14704 0.00311 0.00000 2.16233
