  0.50     453 0.10477  0.0597 4.45767 0.00038 0.00064 2.60557
  1.50     934 0.10263  0.1385 4.81722 0.00039 0.00065 0.33345
  2.50    2411 0.10598  0.2175 4.32437 0.00039 0.00067 0.32206
  3.50    2523 0.10423  0.3217 4.60979 0.00040 0.00068 0.47166
  4.50    3602 0.10724  0.3843 4.15736 0.00040 0.00068 0.53252
  5.50    4152 0.10663  0.4715 4.22145 0.00039 0.00067 0.63681
  6.50    5764 0.10334  0.5581 4.70106 0.00038 0.00065 0.72169
  7.50    6789 0.10313  0.6545 4.69527 0.00036 0.00062 0.83486
  8.50    6309 0.10198  0.7500 4.86404 0.00035 0.00059 0.96229
  9.50    7761 0.10089  0.8299 4.96208 0.00033 0.00056 1.04234
 10.50    8332 0.09777  0.9325 5.38759 0.00030 0.00050 1.15144
 11.50    7389 0.09364  1.0318 6.05590 0.00027 0.00045 1.27120
 12.50    9774 0.08929  1.1229 6.82165 0.00024 0.00039 1.34779
 13.50    6940 0.08262  1.2356 8.12304 0.00019 0.00032 1.48826
 14.50    7560 0.07453  1.3290 10.12731 0.00015 0.00025 1.56576
 15.50    5266 0.06854  1.4430 11.66121 0.00010 0.00017 1.69354
 16.50    3165 0.06120  1.5692 13.99098 0.00006 0.00009 1.82040
 17.50    1353 0.05165  1.7159 18.27324 0.00002 0.00003 1.95368
 18.50     234 0.04046  1.8764 26.18645 0.00001 0.00001 2.17254
 19.50       0 0.00000  0.0000 0.00000 0.00000 0.00000 0.00000
 20.50       0 0.00000  0.0000 0.00000 0.00000 0.00000 0.00000
 21.50       0 0.00000  0.0000 0.00000 0.00000 0.00000 0.00000
 22.50       0 0.00000  0.0000 0.00000 0.00000 0.00000 0.00000
 23.50       0 0.00000  0.0000 0.00000 0.00000 0.00000 0.00000
