  0.50    3514 0.02258  0.0220 18.25810 0.00116 0.00001 1.57645
  1.50    7058 0.02218  0.0551 18.69075 0.00116 0.00000 0.12094
  2.50   17738 0.02251  0.0856 18.34838 0.00116 0.00000 0.11961
  3.50   17918 0.02229  0.1221 18.58468 0.00117 0.00000 0.17014
  4.50   25209 0.02254  0.1549 18.32826 0.00117 0.00000 0.20089
  5.50   29028 0.02263  0.1839 18.22770 0.00117 0.00000 0.23364
  6.50   40434 0.02263  0.2206 18.23349 0.00118 0.00000 0.26936
  7.50   48798 0.02287  0.2590 18.00638 0.00120 0.00000 0.31150
  8.50   46138 0.02288  0.2939 18.00830 0.00121 0.00000 0.35630
  9.50   59481 0.02309  0.3290 17.81593 0.00124 0.00000 0.39189
 10.50   68390 0.02342  0.3684 17.49568 0.00124 0.00000 0.43572
 11.50   66193 0.02353  0.4046 17.40459 0.00126 0.00000 0.48108
 12.50   98181 0.02371  0.4458 17.25713 0.00128 0.00000 0.51944
 13.50   84063 0.02406  0.4872 16.94608 0.00131 0.00000 0.57455
 14.50  113680 0.02435  0.5298 16.69559 0.00132 0.00000 0.61736
 15.50  113983 0.02479  0.5763 16.32765 0.00135 0.00000 0.67426
 16.50  122839 0.02502  0.6213 16.13960 0.00137 0.00000 0.72700
 17.50  138147 0.02551  0.6690 15.75056 0.00140 0.00000 0.78236
 18.50  138050 0.02605  0.7171 15.33522 0.00142 0.00000 0.84233
 19.50  196323 0.02625  0.7712 15.20171 0.00146 0.00000 0.89784
 20.50  194137 0.02688  0.8314 14.74532 0.00149 0.00000 0.97365
 21.50  204366 0.02734  0.8933 14.42786 0.00152 0.00000 1.04921
 22.50  222303 0.02792  0.9536 14.04538 0.00156 0.00000 1.12289
 23.50  241222 0.02849  1.0193 13.67755 0.00159 0.00000 1.20320
