  0.50    1410 0.02385  0.0226 33.18680 0.00048 0.00046 9.56537
  1.50    2982 0.02430  0.0605 32.50060 0.00050 0.00049 0.11355
  2.50    7536 0.02412  0.0845 32.80866 0.00051 0.00049 0.10899
  3.50    7489 0.02426  0.1219 32.57986 0.00050 0.00049 0.16464
  4.50   10639 0.02427  0.1528 32.57031 0.00051 0.00049 0.18711
  5.50   12277 0.02430  0.1846 32.52090 0.00051 0.00050 0.22289
  6.50   17195 0.02437  0.2213 32.41426 0.00052 0.00050 0.25679
  7.50   20690 0.02439  0.2567 32.39765 0.00052 0.00051 0.29355
  8.50   19262 0.02472  0.2935 31.87193 0.00052 0.00051 0.33744
  9.50   24269 0.02474  0.3290 31.82488 0.00052 0.00051 0.37190
 10.50   28931 0.02484  0.3668 31.70366 0.00054 0.00053 0.41330
 11.50   27554 0.02511  0.4038 31.27367 0.00054 0.00053 0.45524
 12.50   41297 0.02537  0.4439 30.90370 0.00055 0.00054 0.49214
 13.50   34699 0.02564  0.4865 30.50725 0.00055 0.00054 0.54470
 14.50   47408 0.02578  0.5300 30.31057 0.00057 0.00055 0.58627
 15.50   47481 0.02608  0.5743 29.90000 0.00058 0.00057 0.63770
 16.50   51320 0.02657  0.6199 29.23404 0.00059 0.00058 0.68818
 17.50   57304 0.02671  0.6641 29.04258 0.00060 0.00058 0.73537
 18.50   57801 0.02731  0.7117 28.26758 0.00061 0.00060 0.79062
 19.50   81245 0.02761  0.7646 27.88694 0.00062 0.00061 0.84204
 20.50   80479 0.02790  0.8237 27.53439 0.00064 0.00062 0.90984
 21.50   84304 0.02830  0.8830 27.05889 0.00065 0.00063 0.97705
 22.50   90498 0.02868  0.9417 26.61499 0.00065 0.00064 1.04228
 23.50   97144 0.02921  1.0026 26.00472 0.00066 0.00065 1.11099
