  0.50     619 0.03030  0.0337 31.44120 0.00028 0.00034 7.32919
  1.50    1236 0.03296  0.0616 28.15360 0.00028 0.00034 0.13964
  2.50    3045 0.03140  0.1155 30.11208 0.00027 0.00033 0.15505
  3.50    3112 0.03163  0.1578 29.73980 0.00027 0.00034 0.21322
  4.50    4515 0.03107  0.1980 30.47883 0.00028 0.00035 0.24802
  5.50    5216 0.03231  0.2428 28.95576 0.00028 0.00035 0.29841
  6.50    7268 0.03164  0.2887 29.77244 0.00028 0.00035 0.34039
  7.50    8922 0.03276  0.3382 28.45865 0.00029 0.00036 0.39330
  8.50    8649 0.03254  0.3842 28.75530 0.00030 0.00037 0.45063
  9.50   11054 0.03301  0.4347 28.23604 0.00030 0.00037 0.50014
 10.50   12756 0.03336  0.4851 27.83246 0.00030 0.00037 0.55388
 11.50   12698 0.03447  0.5404 26.66483 0.00031 0.00039 0.62116
 12.50   19023 0.03486  0.5980 26.26835 0.00032 0.00039 0.67358
 13.50   16382 0.03481  0.6563 26.34427 0.00032 0.00040 0.74761
 14.50   22780 0.03536  0.7181 25.80917 0.00033 0.00041 0.80797
 15.50   22941 0.03635  0.7857 24.84987 0.00034 0.00042 0.88822
 16.50   24687 0.03646  0.8520 24.74922 0.00034 0.00042 0.96228
 17.50   27761 0.03741  0.9191 23.90245 0.00034 0.00042 1.03791
 18.50   27676 0.03762  0.9856 23.72539 0.00034 0.00042 1.11697
 19.50   38104 0.03801  1.0664 23.35549 0.00033 0.00041 1.19669
 20.50   36712 0.03798  1.1499 23.40415 0.00033 0.00041 1.29507
 21.50   36934 0.03806  1.2306 23.28585 0.00031 0.00039 1.38828
 22.50   37064 0.03778  1.3109 23.48198 0.00029 0.00037 1.47844
 23.50   36950 0.03719  1.3974 23.95467 0.00027 0.00034 1.57472
