  0.50   11394 0.05182  0.0417 6.25537 0.00619 0.00004 1.03927
  1.50   22614 0.05258  0.0950 6.08159 0.00612 0.00002 0.26140
  2.50   58172 0.05255  0.1540 6.11015 0.00625 0.00001 0.24999
  3.50   59098 0.05273  0.2183 6.07529 0.00628 0.00001 0.35426
  4.50   84638 0.05266  0.2761 6.09880 0.00633 0.00001 0.41629
  5.50   99175 0.05313  0.3352 6.00994 0.00639 0.00001 0.49560
  6.50  140519 0.05341  0.4022 5.96226 0.00644 0.00000 0.57164
  7.50  172460 0.05421  0.4760 5.81069 0.00651 0.00000 0.66826
  8.50  164849 0.05457  0.5447 5.74720 0.00656 0.00000 0.77254
  9.50  214555 0.05489  0.6176 5.69169 0.00661 0.00000 0.86103
 10.50  254719 0.05526  0.6985 5.62925 0.00667 0.00000 0.96787
 11.50  249777 0.05573  0.7771 5.54573 0.00670 0.00000 1.08523
 12.50  373618 0.05597  0.8665 5.49578 0.00667 0.00000 1.18685
 13.50  322331 0.05619  0.9632 5.45117 0.00664 0.00000 1.33664
 14.50  438535 0.05609  1.0593 5.45528 0.00654 0.00000 1.45074
 15.50  429231 0.05602  1.1629 5.43570 0.00633 0.00000 1.59814
 16.50  452661 0.05544  1.2690 5.50785 0.00609 0.00000 1.73873
 17.50  486434 0.05453  1.3773 5.62705 0.00575 0.00000 1.87617
 18.50  462523 0.05310  1.4915 5.85177 0.00538 0.00000 2.02540
 19.50  594821 0.05144  1.6187 6.10367 0.00485 0.00000 2.16288
 20.50  519665 0.04907  1.7656 6.50578 0.00422 0.00000 2.34390
 21.50  463844 0.04645  1.9126 6.98697 0.00354 0.00000 2.51496
 22.50  407200 0.04338  2.0734 7.62863 0.00283 0.00000 2.68969
 23.50  328547 0.04005  2.2503 8.39235 0.00208 0.00000 2.87701
