  0.50   46194 0.06545  0.0440 1.56796 0.02508 0.00691 7.86038
  1.50   92373 0.06495  0.1015 1.59600 0.02497 0.00685 0.53720
  2.50  234491 0.06531  0.1674 1.57919 0.02513 0.00692 0.51631
  3.50  239069 0.06546  0.2346 1.57611 0.02530 0.00697 0.72603
  4.50  341662 0.06561  0.2985 1.57100 0.02541 0.00701 0.85679
  5.50  399629 0.06599  0.3645 1.55055 0.02550 0.00706 1.02737
  6.50  565982 0.06629  0.4365 1.53622 0.02562 0.00711 1.18382
  7.50  693391 0.06663  0.5177 1.51933 0.02574 0.00717 1.38683
  8.50  663806 0.06705  0.5966 1.49566 0.02581 0.00722 1.61863
  9.50  861298 0.06725  0.6767 1.48462 0.02584 0.00724 1.80467
 10.50 1019180 0.06771  0.7655 1.45727 0.02587 0.00727 2.03437
 11.50  996652 0.06796  0.8558 1.43584 0.02572 0.00725 2.29305
 12.50 1493005 0.06809  0.9586 1.41811 0.02546 0.00718 2.52007
 13.50 1283395 0.06816  1.0722 1.39669 0.02504 0.00707 2.85260
 14.50 1735303 0.06792  1.1883 1.38061 0.02429 0.00684 3.11351
 15.50 1701990 0.06752  1.3182 1.36311 0.02329 0.00654 3.45092
 16.50 1791427 0.06677  1.4522 1.35591 0.02208 0.00616 3.77177
 17.50 1924965 0.06575  1.5950 1.35052 0.02057 0.00569 4.09028
 18.50 1821742 0.06430  1.7535 1.35705 0.01885 0.00515 4.44237
 19.50 2345866 0.06230  1.9476 1.36703 0.01664 0.00446 4.78289
 20.50 2054381 0.05964  2.1789 1.39238 0.01411 0.00369 5.21799
 21.50 1843904 0.05637  2.4409 1.43948 0.01152 0.00292 5.64493
 22.50 1639632 0.05248  2.7422 1.51872 0.00900 0.00220 6.05983
 23.50 1374583 0.04785  3.1072 1.64342 0.00656 0.00154 6.49583
