  0.50     437 0.03226  0.0368 27.46100 0.00018 0.00021 7.98787
  1.50     825 0.03181  0.0605 27.93085 0.00017 0.00020 0.13411
  2.50    2069 0.03143  0.1105 28.44162 0.00017 0.00020 0.14513
  3.50    2095 0.03126  0.1448 28.60344 0.00017 0.00020 0.19230
  4.50    2930 0.03142  0.1854 28.41249 0.00017 0.00020 0.23054
  5.50    3474 0.03088  0.2247 29.09055 0.00018 0.00021 0.27161
  6.50    4902 0.03210  0.2664 27.70973 0.00018 0.00021 0.31277
  7.50    5735 0.03233  0.3120 27.40267 0.00018 0.00020 0.36048
  8.50    5486 0.03210  0.3598 27.64363 0.00018 0.00021 0.41862
  9.50    6971 0.03190  0.4058 27.88963 0.00018 0.00021 0.46355
 10.50    8318 0.03285  0.4470 26.85823 0.00019 0.00022 0.50821
 11.50    7944 0.03287  0.4967 26.82691 0.00019 0.00022 0.56706
 12.50   11737 0.03387  0.5492 25.80644 0.00019 0.00022 0.61626
 13.50   10237 0.03438  0.6076 25.33904 0.00019 0.00022 0.68878
 14.50   14136 0.03452  0.6599 25.24097 0.00020 0.00023 0.73936
 15.50   14063 0.03491  0.7190 24.84183 0.00020 0.00023 0.80827
 16.50   15136 0.03506  0.7780 24.69174 0.00020 0.00023 0.87390
 17.50   16928 0.03582  0.8384 24.00312 0.00020 0.00023 0.94152
 18.50   17053 0.03610  0.9062 23.75476 0.00020 0.00024 1.01998
 19.50   23917 0.03678  0.9713 23.18333 0.00020 0.00024 1.08581
 20.50   23499 0.03693  1.0496 23.04540 0.00020 0.00024 1.17721
 21.50   23930 0.03712  1.1234 22.87352 0.00020 0.00024 1.26156
 22.50   25373 0.03724  1.1967 22.78892 0.00020 0.00023 1.34485
 23.50   25717 0.03735  1.2820 22.61284 0.00019 0.00022 1.44038
