  0.50     448 0.05430  0.0422 15.82110 0.00025 0.00037 5.64080
  1.50     989 0.05464  0.0925 15.72020 0.00028 0.00041 0.19662
  2.50    2562 0.05531  0.1491 15.41606 0.00029 0.00042 0.20653
  3.50    2631 0.05595  0.2081 15.13046 0.00029 0.00043 0.28790
  4.50    3804 0.05593  0.2678 15.17213 0.00030 0.00044 0.34404
  5.50    4399 0.05641  0.3238 14.92685 0.00030 0.00044 0.40850
  6.50    5992 0.05592  0.3842 15.19995 0.00029 0.00042 0.46536
  7.50    7608 0.05710  0.4480 14.63470 0.00030 0.00045 0.53666
  8.50    7170 0.05830  0.5227 14.09721 0.00030 0.00044 0.62973
  9.50    9358 0.05756  0.5902 14.40835 0.00031 0.00045 0.69822
 10.50   11151 0.05862  0.6665 13.99115 0.00031 0.00046 0.78354
 11.50   10833 0.05985  0.7367 13.47679 0.00031 0.00046 0.87215
 12.50   16059 0.05936  0.8186 13.64516 0.00031 0.00045 0.94918
 13.50   13291 0.05964  0.9028 13.50074 0.00029 0.00043 1.05916
 14.50   17747 0.05903  0.9884 13.75891 0.00029 0.00042 1.14376
 15.50   17040 0.05796  1.0782 14.20423 0.00027 0.00040 1.24887
 16.50   17162 0.05706  1.1664 14.53268 0.00025 0.00037 1.34933
 17.50   17155 0.05542  1.2554 15.18957 0.00022 0.00033 1.44558
 18.50   15044 0.05474  1.3546 15.39632 0.00019 0.00029 1.56244
 19.50   17246 0.05200  1.4625 16.60021 0.00016 0.00023 1.66279
 20.50   12985 0.04843  1.5848 18.45680 0.00012 0.00017 1.79664
 21.50    9269 0.04769  1.7154 18.55486 0.00008 0.00012 1.94588
 22.50    5885 0.04222  1.8620 22.12641 0.00005 0.00007 2.09316
 23.50    2945 0.03715  2.0267 26.76971 0.00002 0.00003 2.26017
