  0.50   32601 0.12028  0.0698 0.89623 0.02903 0.00031 0.36586
  1.50   66065 0.11991  0.1478 0.91938 0.02917 0.00013 0.55129
  2.50  166210 0.11906  0.2452 0.94958 0.02881 0.00006 0.53180
  3.50  169566 0.11909  0.3447 0.94143 0.02862 0.00005 0.73945
  4.50  242032 0.11754  0.4361 1.00984 0.02829 0.00004 0.86310
  5.50  280341 0.11642  0.5312 1.04392 0.02763 0.00003 1.02327
  6.50  389597 0.11402  0.6389 1.13697 0.02664 0.00002 1.16952
  7.50  458765 0.11071  0.7571 1.26172 0.02511 0.00002 1.34456
  8.50  416890 0.10703  0.8730 1.40484 0.02335 0.00002 1.53940
  9.50  504774 0.10230  0.9904 1.61017 0.02133 0.00001 1.68083
 10.50  544096 0.09723  1.1209 1.83980 0.01901 0.00001 1.84810
 11.50  476504 0.09110  1.2533 2.16082 0.01658 0.00001 2.02748
 12.50  616391 0.08411  1.4007 2.57861 0.01391 0.00000 2.16133
 13.50  438043 0.07659  1.5601 3.09342 0.01111 0.00000 2.36490
 14.50  472000 0.06878  1.7254 3.74291 0.00847 0.00000 2.50349
 15.50  327482 0.06001  1.9049 4.62608 0.00568 0.00000 2.67354
 16.50  206920 0.05114  2.0923 5.73892 0.00320 0.00000 2.82183
 17.50   99796 0.04266  2.2861 7.06667 0.00133 0.00000 2.95544
 18.50   25945 0.03481  2.4775 8.57152 0.00034 0.00000 3.08262
 19.50    4320 0.02574  2.6783 14.86331 0.00004 0.00000 3.16683
 20.50      74 0.01676  2.9912 27.21733 0.00001 0.00000 3.38379
 21.50       0 0.00000  0.0000 0.00000 0.00000 0.00000 0.00000
 22.50       0 0.00000  0.0000 0.00000 0.00000 0.00000 0.00000
 23.50       0 0.00000  0.0000 0.00000 0.00000 0.00000 0.00000
