  0.50    5850 0.03126  0.0352 12.38770 0.00236 0.00002 1.37472
  1.50   11451 0.03106  0.0679 12.47615 0.00230 0.00001 0.16521
  2.50   29275 0.03104  0.1100 12.50650 0.00235 0.00000 0.16122
  3.50   29475 0.03150  0.1538 12.24920 0.00235 0.00000 0.22532
  4.50   41661 0.03154  0.1942 12.23186 0.00236 0.00000 0.26494
  5.50   48527 0.03185  0.2378 12.07536 0.00238 0.00000 0.31779
  6.50   68502 0.03199  0.2843 12.01483 0.00241 0.00000 0.36491
  7.50   83255 0.03202  0.3305 12.01269 0.00245 0.00000 0.41807
  8.50   78341 0.03223  0.3804 11.90293 0.00246 0.00000 0.48514
  9.50  101615 0.03255  0.4268 11.75993 0.00251 0.00000 0.53522
 10.50  118785 0.03292  0.4757 11.58445 0.00254 0.00000 0.59265
 11.50  115541 0.03325  0.5279 11.43309 0.00257 0.00000 0.66181
 12.50  173662 0.03381  0.5841 11.17746 0.00263 0.00000 0.71935
 13.50  149316 0.03413  0.6434 11.03986 0.00266 0.00000 0.80257
 14.50  205606 0.03474  0.7056 10.77372 0.00271 0.00000 0.87108
 15.50  207523 0.03511  0.7720 10.62713 0.00276 0.00000 0.95796
 16.50  226689 0.03557  0.8382 10.44022 0.00280 0.00000 1.04173
 17.50  258663 0.03614  0.9078 10.21377 0.00286 0.00000 1.12877
 18.50  260680 0.03664  0.9794 10.01515 0.00289 0.00000 1.22404
 19.50  366503 0.03713  1.0618 9.81943 0.00289 0.00000 1.31775
 20.50  365003 0.03752  1.1549 9.67011 0.00292 0.00000 1.44158
 21.50  379917 0.03805  1.2470 9.46086 0.00290 0.00000 1.56311
 22.50  401541 0.03826  1.3380 9.36147 0.00285 0.00000 1.68052
 23.50  423267 0.03829  1.4389 9.32901 0.00278 0.00000 1.80835
