  0.50   29115 0.04909  0.0359 2.20417 0.01299 0.00307 8.29628
  1.50   58201 0.04957  0.0843 2.15336 0.01294 0.00308 0.36570
  2.50  146500 0.04944  0.1402 2.16658 0.01295 0.00307 0.36126
  3.50  148700 0.04964  0.1953 2.15297 0.01303 0.00310 0.50518
  4.50  211993 0.04980  0.2476 2.14492 0.01312 0.00313 0.59513
  5.50  247247 0.04986  0.3013 2.14636 0.01321 0.00315 0.70887
  6.50  347384 0.05027  0.3601 2.11095 0.01326 0.00317 0.81795
  7.50  425330 0.05055  0.4249 2.09814 0.01344 0.00323 0.95224
  8.50  404676 0.05086  0.4856 2.07651 0.01354 0.00326 1.10250
  9.50  523955 0.05137  0.5495 2.03801 0.01366 0.00331 1.23164
 10.50  620490 0.05165  0.6184 2.02707 0.01386 0.00336 1.37872
 11.50  607067 0.05205  0.6855 1.99885 0.01397 0.00340 1.54435
 12.50  912322 0.05261  0.7655 1.95457 0.01406 0.00344 1.69922
 13.50  792989 0.05297  0.8498 1.93318 0.01420 0.00349 1.91675
 14.50 1095567 0.05353  0.9381 1.88884 0.01427 0.00352 2.10099
 15.50 1105986 0.05401  1.0325 1.85109 0.01431 0.00355 2.33275
 16.50 1207704 0.05428  1.1314 1.82658 0.01428 0.00355 2.56403
 17.50 1362986 0.05458  1.2353 1.79359 0.01418 0.00354 2.80493
 18.50 1363729 0.05470  1.3466 1.76820 0.01396 0.00349 3.07098
 19.50 1898240 0.05472  1.4753 1.73923 0.01358 0.00339 3.33503
 20.50 1833962 0.05456  1.6230 1.70918 0.01301 0.00325 3.67597
 21.50 1855027 0.05402  1.7758 1.69962 0.01231 0.00306 4.00438
 22.50 1902322 0.05316  1.9392 1.70039 0.01144 0.00282 4.33038
 23.50 1916149 0.05203  2.1167 1.70777 0.01043 0.00254 4.67284
