  0.50    1550 0.02550  0.0291 30.66200 0.00054 0.00053 9.34460
  1.50    3139 0.02587  0.0608 30.12530 0.00054 0.00053 0.11431
  2.50    7925 0.02538  0.0881 30.88246 0.00055 0.00054 0.11567
  3.50    7987 0.02561  0.1245 30.53496 0.00055 0.00054 0.16318
  4.50   11348 0.02527  0.1579 31.05781 0.00056 0.00054 0.19328
  5.50   13066 0.02554  0.1914 30.65873 0.00056 0.00054 0.23254
  6.50   18212 0.02579  0.2271 30.29384 0.00056 0.00055 0.26470
  7.50   22043 0.02591  0.2658 30.12137 0.00057 0.00056 0.30475
  8.50   20377 0.02597  0.3017 30.04129 0.00056 0.00055 0.34765
  9.50   26312 0.02611  0.3407 29.85483 0.00058 0.00056 0.38686
 10.50   30825 0.02629  0.3793 29.62809 0.00059 0.00058 0.42809
 11.50   29690 0.02650  0.4185 29.33049 0.00059 0.00058 0.47420
 12.50   44001 0.02675  0.4578 29.00223 0.00060 0.00059 0.50891
 13.50   37532 0.02702  0.5053 28.64861 0.00061 0.00060 0.56761
 14.50   51091 0.02708  0.5495 28.59444 0.00062 0.00061 0.61038
 15.50   50984 0.02776  0.5948 27.71388 0.00063 0.00062 0.66304
 16.50   54978 0.02791  0.6428 27.53586 0.00064 0.00063 0.71573
 17.50   62198 0.02835  0.6903 27.02457 0.00066 0.00065 0.76746
 18.50   62426 0.02889  0.7399 26.38837 0.00067 0.00066 0.82499
 19.50   87950 0.02910  0.7950 26.15883 0.00068 0.00067 0.87901
 20.50   87318 0.02937  0.8589 25.88462 0.00070 0.00068 0.95260
 21.50   90781 0.02990  0.9199 25.28455 0.00070 0.00069 1.02220
 22.50   97849 0.03032  0.9811 24.85307 0.00071 0.00070 1.09055
 23.50  104338 0.03080  1.0463 24.34276 0.00071 0.00070 1.16464
