  0.50     739 0.07319  0.0467 9.34054 0.00049 0.00073 4.54220
  1.50    1574 0.07210  0.1144 9.72088 0.00051 0.00077 0.25335
  2.50    4076 0.07276  0.1736 9.55192 0.00053 0.00079 0.24612
  3.50    4183 0.07484  0.2473 8.99791 0.00053 0.00080 0.35070
  4.50    5915 0.07393  0.3103 9.25223 0.00053 0.00079 0.41008
  5.50    6859 0.07487  0.3757 8.97314 0.00053 0.00079 0.48662
  6.50    9735 0.07537  0.4484 8.85382 0.00053 0.00080 0.55964
  7.50   12077 0.07512  0.5281 8.93975 0.00054 0.00081 0.64916
  8.50   11408 0.07618  0.6137 8.64190 0.00053 0.00080 0.76135
  9.50   14869 0.07586  0.6927 8.73858 0.00054 0.00080 0.84308
 10.50   17067 0.07502  0.7757 8.93645 0.00052 0.00078 0.93641
 11.50   15816 0.07516  0.8610 8.84534 0.00049 0.00074 1.04411
 12.50   22956 0.07348  0.9542 9.26493 0.00047 0.00071 1.13175
 13.50   18503 0.07157  1.0475 9.75368 0.00044 0.00066 1.25309
 14.50   22956 0.06934  1.1408 10.32828 0.00040 0.00059 1.34255
 15.50   20031 0.06599  1.2484 11.27023 0.00034 0.00051 1.46676
 16.50   18166 0.06341  1.3468 11.99828 0.00028 0.00042 1.57655
 17.50   16600 0.05953  1.4535 13.32640 0.00023 0.00034 1.68738
 18.50   12138 0.05679  1.5708 14.20633 0.00017 0.00024 1.82123
 19.50   10645 0.05151  1.7107 16.42906 0.00010 0.00015 1.94623
 20.50    4860 0.04419  1.8938 20.79095 0.00005 0.00007 2.13571
 21.50    1460 0.03890  2.0897 25.02259 0.00001 0.00002 2.34466
 22.50     133 0.02699  2.2165 49.89860 0.00000 0.00001 2.71900
 23.50       0 0.00000  0.0000 0.00000 0.00000 0.00000 0.00000
