  0.50       0 0.00000  0.0000 0.00000  0.0000 0.00000 0.00000
  1.50       0 0.00000  0.0000 0.00000  0.0000 0.00000 0.00000
  2.50      24 0.03292  1.7841 -2.55970 0.00001 0.00000 2.89126
  3.50     368 0.03956  1.2830 -1.62984 0.00010 0.00002 2.67280
  4.50    1581 0.04602  0.8671 -1.11863 0.00036 0.00008 1.88775
  5.50    3449 0.04756  0.6118 -0.48837 0.00077 0.00018 1.31606
  6.50    9290 0.05225  0.3750 -0.18431 0.00165 0.00040 0.80175
  7.50   75033 0.09477  0.4352 -0.81391 0.00959 0.00423 1.92550
  8.50  663933 0.13374  1.1677 -0.03166 0.07458 0.03374 5.22603
  9.50  684297 0.10772  1.4783 0.39328 0.05375 0.02094 5.35975
 10.50  343788 0.08192  1.8625 0.40375 0.02029 0.00658 5.35692
 11.50   97152 0.05832  2.3025 0.41043 0.00514 0.00136 5.21087
 12.50   21281 0.03511  3.0029 0.69584 0.00065 0.00014 5.06351
 13.50     176 0.01705  4.0307 3.11525 0.00002 0.00000 5.38202
 14.50       0 0.00000  0.0000 0.00000  0.0000 0.00000 0.00000
 15.50       0 0.00000  0.0000 0.00000  0.0000 0.00000 0.00000
 16.50       0 0.00000  0.0000 0.00000  0.0000 0.00000 0.00000
 17.50       0 0.00000  0.0000 0.00000  0.0000 0.00000 0.00000
 18.50       0 0.00000  0.0000 0.00000  0.0000 0.00000 0.00000
 19.50       0 0.00000  0.0000 0.00000  0.0000 0.00000 0.00000
 20.50       0 0.00000  0.0000 0.00000  0.0000 0.00000 0.00000
 21.50       0 0.00000  0.0000 0.00000  0.0000 0.00000 0.00000
 22.50       0 0.00000  0.0000 0.00000  0.0000 0.00000 0.00000
 23.50       0 0.00000  0.0000 0.00000  0.0000 0.00000 0.00000
