  0.50   20635 0.03986  0.0329 2.78904 0.00806 0.00174 8.55628
  1.50   41163 0.04030  0.0734 2.72507 0.00802 0.00174 0.28619
  2.50  103136 0.04025  0.1235 2.72953 0.00800 0.00173 0.28329
  3.50  104504 0.04053  0.1702 2.69856 0.00805 0.00175 0.39365
  4.50  147844 0.04047  0.2168 2.70744 0.00806 0.00175 0.46434
  5.50  172319 0.04069  0.2633 2.68853 0.00814 0.00177 0.55267
  6.50  242055 0.04082  0.3127 2.67876 0.00820 0.00179 0.63260
  7.50  294532 0.04112  0.3670 2.65248 0.00831 0.00181 0.73271
  8.50  278184 0.04142  0.4203 2.61902 0.00835 0.00183 0.84945
  9.50  360356 0.04171  0.4728 2.59858 0.00848 0.00186 0.94074
 10.50  421325 0.04208  0.5284 2.56060 0.00856 0.00189 1.04869
 11.50  411564 0.04228  0.5871 2.54849 0.00866 0.00192 1.17365
 12.50  617767 0.04271  0.6511 2.51033 0.00879 0.00195 1.28181
 13.50  533332 0.04321  0.7208 2.46210 0.00889 0.00198 1.44418
 14.50  735106 0.04364  0.7894 2.42353 0.00901 0.00202 1.56952
 15.50  742134 0.04413  0.8640 2.38048 0.00914 0.00206 1.73386
 16.50  813541 0.04460  0.9433 2.33782 0.00925 0.00209 1.90277
 17.50  926154 0.04513  1.0222 2.29131 0.00937 0.00213 2.07277
 18.50  936976 0.04556  1.1094 2.25005 0.00942 0.00215 2.26580
 19.50 1329630 0.04599  1.2093 2.20675 0.00946 0.00217 2.46033
 20.50 1325236 0.04642  1.3217 2.16044 0.00947 0.00218 2.71424
 21.50 1390829 0.04675  1.4385 2.11871 0.00940 0.00217 2.97185
 22.50 1490318 0.04693  1.5584 2.08311 0.00925 0.00214 3.22932
 23.50 1587622 0.04705  1.6876 2.04714 0.00903 0.00210 3.50583
