  0.50     170 0.14373  0.0744 0.70684 0.00016 0.00031 1.45870
  1.50     300 0.13243  0.1381 1.70101 0.00014 0.00027 0.36031
  2.50     847 0.13648  0.2546 1.45056 0.00016 0.00030 0.38745
  3.50     802 0.12580  0.3477 2.48951 0.00015 0.00027 0.52263
  4.50    1235 0.12681  0.4248 2.43456 0.00016 0.00029 0.59839
  5.50    1332 0.12512  0.5279 2.56698 0.00014 0.00027 0.72096
  6.50    1831 0.12032  0.6102 3.13752 0.00014 0.00026 0.80125
  7.50    2177 0.11834  0.7240 3.34381 0.00013 0.00024 0.93037
  8.50    2003 0.11000  0.8224 4.47483 0.00012 0.00023 1.05305
  9.50    2193 0.10820  0.9175 4.57981 0.00010 0.00019 1.14889
 10.50    2333 0.10036  1.0116 5.85695 0.00009 0.00017 1.24311
 11.50    1931 0.09261  1.1128 7.17099 0.00008 0.00014 1.36323
 12.50    2298 0.08831  1.1990 8.07103 0.00006 0.00011 1.43243
 13.50    1479 0.07011  1.2983 13.03054 0.00005 0.00008 1.53440
 14.50    1263 0.06309  1.4097 15.69245 0.00003 0.00005 1.63056
 15.50     467 0.04917  1.5178 24.30026 0.00001 0.00002 1.74120
 16.50      26 0.04837  1.7288 22.64500 0.00001 0.00001 2.89026
 17.50       0 0.00000  0.0000 0.00000 0.00000 0.00000 0.00000
 18.50       0 0.00000  0.0000 0.00000 0.00000 0.00000 0.00000
 19.50       0 0.00000  0.0000 0.00000 0.00000 0.00000 0.00000
 20.50       0 0.00000  0.0000 0.00000 0.00000 0.00000 0.00000
 21.50       0 0.00000  0.0000 0.00000 0.00000 0.00000 0.00000
 22.50       0 0.00000  0.0000 0.00000 0.00000 0.00000 0.00000
 23.50       0 0.00000  0.0000 0.00000 0.00000 0.00000 0.00000
