  0.50     200 0.02969  0.0508 36.79010 0.00009 0.00012 7.78085
  1.50     324 0.02732  0.0559 41.02355 0.00007 0.00010 0.12974
  2.50     885 0.03098  0.1115 34.88448 0.00008 0.00011 0.14745
  3.50     865 0.03169  0.1532 33.67810 0.00007 0.00011 0.20409
  4.50    1226 0.03005  0.1956 36.13349 0.00007 0.00011 0.24231
  5.50    1402 0.02981  0.2369 36.82051 0.00007 0.00011 0.28664
  6.50    2036 0.03132  0.2793 34.56915 0.00008 0.00011 0.32608
  7.50    2451 0.03303  0.3391 32.22636 0.00008 0.00011 0.38961
  8.50    2353 0.03170  0.3818 33.96394 0.00008 0.00011 0.44238
  9.50    2958 0.03175  0.4238 33.78676 0.00008 0.00011 0.48213
 10.50    3639 0.03301  0.4814 32.22645 0.00008 0.00012 0.54370
 11.50    3603 0.03258  0.5293 32.94549 0.00009 0.00012 0.60068
 12.50    5377 0.03352  0.5882 31.56598 0.00009 0.00012 0.65383
 13.50    4781 0.03458  0.6463 30.22502 0.00009 0.00013 0.72693
 14.50    6473 0.03492  0.7065 29.74086 0.00009 0.00013 0.78486
 15.50    6465 0.03531  0.7732 29.50091 0.00009 0.00013 0.86216
 16.50    7224 0.03629  0.8357 28.26592 0.00010 0.00014 0.93173
 17.50    8224 0.03752  0.9083 26.93900 0.00010 0.00014 1.01229
 18.50    8156 0.03680  0.9705 27.70894 0.00010 0.00014 1.08397
 19.50   11274 0.03684  1.0484 27.64084 0.00010 0.00014 1.16020
 20.50   10988 0.03777  1.1349 26.65961 0.00009 0.00014 1.25982
 21.50   10865 0.03878  1.2162 25.72360 0.00009 0.00013 1.35343
 22.50   11018 0.03891  1.3010 25.51254 0.00009 0.00012 1.44809
 23.50   10520 0.03847  1.3932 25.78944 0.00008 0.00011 1.54962
