  0.50    7895 0.10308  0.0628 3.19138 0.00657 0.00730 2.16410
  1.50   15903 0.10264  0.1379 3.23815 0.00656 0.00729 0.35383
  2.50   40094 0.10362  0.2236 3.12803 0.00652 0.00725 0.35823
  3.50   40767 0.10259  0.3129 3.23232 0.00648 0.00720 0.50611
  4.50   58306 0.10296  0.3933 3.18873 0.00646 0.00718 0.58743
  5.50   68569 0.10261  0.4782 3.22365 0.00644 0.00716 0.70179
  6.50   96093 0.10159  0.5730 3.31369 0.00631 0.00700 0.80744
  7.50  115224 0.09968  0.6730 3.49296 0.00613 0.00677 0.93168
  8.50  107203 0.09736  0.7692 3.72312 0.00590 0.00650 1.06685
  9.50  134226 0.09423  0.8646 4.05197 0.00564 0.00618 1.17001
 10.50  149622 0.09059  0.9704 4.44895 0.00526 0.00573 1.29267
 11.50  136049 0.08651  1.0758 4.92778 0.00482 0.00521 1.42338
 12.50  185576 0.08134  1.1883 5.61377 0.00433 0.00464 1.52754
 13.50  140202 0.07551  1.3107 6.47368 0.00373 0.00396 1.67818
 14.50  162276 0.06867  1.4311 7.68608 0.00310 0.00326 1.78330
 15.50  125716 0.06177  1.5672 9.10136 0.00235 0.00244 1.92648
 16.50   90555 0.05759  1.7100 9.89882 0.00153 0.00157 2.06162
 17.50   51398 0.04848  1.8729 12.50660 0.00075 0.00076 2.24243
 18.50   16085 0.04078  2.0455 15.20506 0.00023 0.00023 2.43179
 19.50    3016 0.03175  2.2308 20.90487 0.00003 0.00003 2.53085
 20.50      28 0.01691  2.3900 55.53160 0.00000 0.00000 2.53753
 21.50       0 0.00000  0.0000 0.00000 0.00000 0.00000 0.00000
 22.50       0 0.00000  0.0000 0.00000 0.00000 0.00000 0.00000
 23.50       0 0.00000  0.0000 0.00000 0.00000 0.00000 0.00000
