  0.50   17017 0.07216  0.0521 3.59629 0.01118 0.00009 0.80580
  1.50   34478 0.07186  0.1133 3.64044 0.01127 0.00004 0.34697
  2.50   87496 0.07197  0.1905 3.62996 0.01131 0.00002 0.33854
  3.50   89996 0.07250  0.2664 3.57963 0.01144 0.00002 0.47443
  4.50  129361 0.07295  0.3392 3.53278 0.01151 0.00001 0.56057
  5.50  151082 0.07302  0.4139 3.52248 0.01148 0.00001 0.66871
  6.50  214709 0.07313  0.4955 3.51139 0.01150 0.00001 0.76946
  7.50  264126 0.07340  0.5883 3.48150 0.01152 0.00001 0.90028
  8.50  253640 0.07353  0.6770 3.46610 0.01151 0.00001 1.04520
  9.50  326252 0.07349  0.7690 3.45615 0.01134 0.00001 1.16507
 10.50  382271 0.07298  0.8667 3.50200 0.01118 0.00001 1.30011
 11.50  366806 0.07230  0.9665 3.55183 0.01084 0.00001 1.45272
 12.50  530546 0.07125  1.0768 3.62961 0.01032 0.00000 1.57838
 13.50  437278 0.06953  1.1928 3.78445 0.00972 0.00000 1.75641
 14.50  563135 0.06748  1.3133 3.97330 0.00897 0.00000 1.89282
 15.50  518299 0.06466  1.4426 4.26127 0.00809 0.00000 2.06180
 16.50  504132 0.06149  1.5736 4.61234 0.00711 0.00000 2.21910
 17.50  493300 0.05795  1.7129 5.04292 0.00606 0.00000 2.37606
 18.50  412667 0.05396  1.8598 5.58986 0.00495 0.00000 2.54354
 19.50  442345 0.04922  2.0389 6.32901 0.00367 0.00000 2.70656
 20.50  282986 0.04327  2.2434 7.45095 0.00230 0.00000 2.90855
 21.50  155204 0.03759  2.4611 8.71872 0.00117 0.00000 3.10829
 22.50   62841 0.03227  2.6769 10.07513 0.00043 0.00000 3.28210
 23.50   14742 0.02701  2.8792 11.92168 0.00009 0.00000 3.42899
