  0.50       0 0.00000  0.0000 0.00000  0.0000 0.00000 0.00000
  1.50       0 0.00000  0.0000 0.00000  0.0000 0.00000 0.00000
  2.50       0 0.00000  0.0000 0.00000  0.0000 0.00000 0.00000
  3.50       0 0.00000  0.0000 0.00000  0.0000 0.00000 0.00000
  4.50      69 0.02878  1.8666 -0.54027 0.00004 0.00001 2.67065
  5.50     990 0.04091  1.1494 -0.90036 0.00027 0.00006 2.21681
  6.50    5874 0.05569  0.5747 -0.65062 0.00148 0.00038 1.26352
  7.50  165484 0.11809  0.6613 -0.82551 0.02959 0.01350 2.97014
  8.50  337981 0.11602  1.1934 0.19451 0.05686 0.02337 4.58868
  9.50  144672 0.08251  1.5926 0.12687 0.01645 0.00543 4.54131
 10.50   25647 0.05067  2.2722 -0.10202 0.00204 0.00053 4.62039
 11.50     608 0.02590  3.3159 0.72450 0.00008 0.00002 4.77637
 12.50       0 0.00000  0.0000 0.00000  0.0000 0.00000 0.00000
 13.50       0 0.00000  0.0000 0.00000  0.0000 0.00000 0.00000
 14.50       0 0.00000  0.0000 0.00000  0.0000 0.00000 0.00000
 15.50       0 0.00000  0.0000 0.00000  0.0000 0.00000 0.00000
 16.50       0 0.00000  0.0000 0.00000  0.0000 0.00000 0.00000
 17.50       0 0.00000  0.0000 0.00000  0.0000 0.00000 0.00000
 18.50       0 0.00000  0.0000 0.00000  0.0000 0.00000 0.00000
 19.50       0 0.00000  0.0000 0.00000  0.0000 0.00000 0.00000
 20.50       0 0.00000  0.0000 0.00000  0.0000 0.00000 0.00000
 21.50       0 0.00000  0.0000 0.00000  0.0000 0.00000 0.00000
 22.50       0 0.00000  0.0000 0.00000  0.0000 0.00000 0.00000
 23.50       0 0.00000  0.0000 0.00000  0.0000 0.00000 0.00000
