  0.50    4817 0.06786  0.0414 7.82512 0.00301 0.00315 4.70427
  1.50    9621 0.06534  0.1001 8.41445 0.00299 0.00312 0.24369
  2.50   24931 0.06524  0.1706 8.46461 0.00307 0.00321 0.24800
  3.50   25461 0.06588  0.2369 8.31813 0.00310 0.00324 0.34623
  4.50   35796 0.06626  0.3013 8.21598 0.00306 0.00320 0.41295
  5.50   42593 0.06636  0.3645 8.21505 0.00313 0.00327 0.48850
  6.50   60229 0.06671  0.4366 8.13460 0.00314 0.00328 0.56618
  7.50   74140 0.06672  0.5171 8.14042 0.00317 0.00331 0.66000
  8.50   70935 0.06732  0.5945 8.00573 0.00318 0.00333 0.76549
  9.50   91962 0.06710  0.6712 8.05951 0.00318 0.00333 0.84978
 10.50  107504 0.06722  0.7539 8.02507 0.00315 0.00330 0.94843
 11.50  104094 0.06647  0.8360 8.18977 0.00312 0.00326 1.05394
 12.50  152866 0.06613  0.9289 8.24822 0.00304 0.00318 1.14947
 13.50  127676 0.06480  1.0234 8.53682 0.00293 0.00306 1.27478
 14.50  168358 0.06349  1.1225 8.82334 0.00280 0.00291 1.37846
 15.50  158836 0.06180  1.2258 9.20366 0.00261 0.00271 1.50007
 16.50  159605 0.06074  1.3288 9.40256 0.00240 0.00248 1.61704
 17.50  161865 0.05985  1.4372 9.54695 0.00214 0.00220 1.73446
 18.50  142051 0.05647  1.5479 10.44106 0.00185 0.00190 1.85602
 19.50  160444 0.05192  1.6768 11.80342 0.00147 0.00149 1.97589
 20.50  110683 0.04622  1.8330 13.84018 0.00101 0.00101 2.13941
 21.50   66746 0.04088  2.0014 16.10687 0.00057 0.00057 2.36794
 22.50   29801 0.03477  2.1842 19.52159 0.00023 0.00023 2.55976
 23.50    7747 0.03015  2.3921 22.52660 0.00005 0.00005 2.74589
