  0.50    4208 0.15219  0.0667 0.12468 0.00437 0.00634 0.18711
  1.50    8566 0.15335  0.1543 0.06031 0.00441 0.00640 0.32050
  2.50   21710 0.15208  0.2570 0.13384 0.00438 0.00635 0.42135
  3.50   21669 0.14918  0.3644 0.28956 0.00424 0.00612 0.59286
  4.50   30621 0.14640  0.4517 0.45262 0.00415 0.00597 0.70909
  5.50   34340 0.14337  0.5485 0.60602 0.00392 0.00562 0.84024
  6.50   46252 0.13612  0.6543 1.07037 0.00366 0.00520 0.94726
  7.50   52268 0.12903  0.7650 1.54982 0.00332 0.00468 1.07532
  8.50   45624 0.11908  0.8745 2.33898 0.00298 0.00414 1.21535
  9.50   51440 0.11068  0.9881 3.05640 0.00254 0.00349 1.32631
 10.50   51457 0.10061  1.1050 4.11525 0.00212 0.00287 1.44530
 11.50   41111 0.09009  1.2124 5.46207 0.00170 0.00228 1.56700
 12.50   47371 0.07947  1.3238 7.15770 0.00130 0.00171 1.64765
 13.50   26799 0.07323  1.4403 8.12936 0.00084 0.00109 1.78070
 14.50   18783 0.05990  1.5704 11.42869 0.00042 0.00054 1.86989
 15.50    5272 0.04743  1.7075 15.80235 0.00012 0.00015 1.98895
 16.50     642 0.03572  1.9631 23.83218 0.00002 0.00002 2.25897
 17.50       0 0.00000  0.0000 0.00000 0.00000 0.00000 0.00000
 18.50       0 0.00000  0.0000 0.00000 0.00000 0.00000 0.00000
 19.50       0 0.00000  0.0000 0.00000 0.00000 0.00000 0.00000
 20.50       0 0.00000  0.0000 0.00000 0.00000 0.00000 0.00000
 21.50       0 0.00000  0.0000 0.00000 0.00000 0.00000 0.00000
 22.50       0 0.00000  0.0000 0.00000 0.00000 0.00000 0.00000
 23.50       0 0.00000  0.0000 0.00000 0.00000 0.00000 0.00000
