  0.50    2511 0.10171  0.0596 3.93959 0.00209 0.00283 2.23701
  1.50    5057 0.09983  0.1297 4.19142 0.00209 0.00283 0.33519
  2.50   13120 0.10073  0.2202 4.09497 0.00213 0.00289 0.34079
  3.50   13198 0.10104  0.3100 4.04546 0.00210 0.00285 0.48077
  4.50   19249 0.10138  0.3903 4.00879 0.00213 0.00289 0.56182
  5.50   22393 0.10062  0.4751 4.09742 0.00211 0.00285 0.66986
  6.50   31624 0.09887  0.5697 4.32830 0.00208 0.00281 0.76902
  7.50   37247 0.09794  0.6670 4.40927 0.00199 0.00268 0.88436
  8.50   34665 0.09509  0.7634 4.79128 0.00191 0.00257 1.01519
  9.50   43076 0.09193  0.8571 5.22620 0.00182 0.00243 1.11249
 10.50   47206 0.08711  0.9571 5.95240 0.00167 0.00222 1.22059
 11.50   41683 0.08317  1.0566 6.55515 0.00149 0.00197 1.34457
 12.50   55103 0.07842  1.1643 7.38199 0.00130 0.00171 1.44040
 13.50   40417 0.07569  1.2687 7.80537 0.00110 0.00143 1.57062
 14.50   45016 0.06982  1.3733 9.05653 0.00088 0.00114 1.66139
 15.50   33167 0.06208  1.4880 11.04343 0.00064 0.00083 1.78364
 16.50   22198 0.05434  1.6182 13.51627 0.00039 0.00050 1.91052
 17.50   11377 0.04547  1.7683 17.34180 0.00017 0.00022 2.04687
 18.50    3022 0.03774  1.9271 21.71552 0.00004 0.00006 2.20025
 19.50     339 0.02907  2.1184 32.45194 0.00001 0.00001 2.45877
 20.50       0 0.00000  0.0000 0.00000 0.00000 0.00000 0.00000
 21.50       0 0.00000  0.0000 0.00000 0.00000 0.00000 0.00000
 22.50       0 0.00000  0.0000 0.00000 0.00000 0.00000 0.00000
 23.50       0 0.00000  0.0000 0.00000 0.00000 0.00000 0.00000
