  0.50     605 0.04738  0.0236 16.31900 0.00031 0.00037 6.22229
  1.50    1147 0.04459  0.0802 17.89540 0.00030 0.00035 0.17734
  2.50    2910 0.04755  0.1335 16.22818 0.00030 0.00036 0.18213
  3.50    2901 0.04612  0.1903 16.95502 0.00030 0.00035 0.25836
  4.50    4257 0.04704  0.2391 16.48837 0.00031 0.00037 0.30617
  5.50    4973 0.04752  0.2895 16.23989 0.00031 0.00037 0.36303
  6.50    6849 0.04759  0.3438 16.21196 0.00031 0.00036 0.41597
  7.50    8499 0.04790  0.4065 16.06675 0.00032 0.00037 0.48524
  8.50    8094 0.04879  0.4684 15.63421 0.00032 0.00038 0.56345
  9.50   10384 0.04920  0.5283 15.40599 0.00032 0.00038 0.62586
 10.50   12441 0.05020  0.5915 14.96740 0.00033 0.00039 0.69683
 11.50   11955 0.04972  0.6538 15.19296 0.00033 0.00039 0.77364
 12.50   18198 0.05050  0.7306 14.83545 0.00033 0.00040 0.84894
 13.50   15496 0.05107  0.8024 14.58349 0.00033 0.00039 0.94313
 14.50   21286 0.05092  0.8792 14.65434 0.00033 0.00040 1.02131
 15.50   21136 0.05090  0.9565 14.65438 0.00033 0.00039 1.11421
 16.50   22425 0.05042  1.0381 14.85268 0.00032 0.00039 1.20776
 17.50   24897 0.05068  1.1190 14.71843 0.00032 0.00038 1.29981
 18.50   23674 0.04983  1.2007 15.11788 0.00030 0.00036 1.39662
 19.50   31359 0.04886  1.2905 15.50287 0.00029 0.00034 1.48679
 20.50   28328 0.04715  1.3883 16.33595 0.00026 0.00031 1.59796
 21.50   26162 0.04456  1.4952 17.66790 0.00023 0.00027 1.71402
 22.50   23608 0.04236  1.6036 18.91502 0.00019 0.00023 1.82980
 23.50   19618 0.03924  1.7281 20.86466 0.00015 0.00017 1.95905
