  0.50    2040 0.03184  0.0247 23.40290 0.00080 0.00079 8.46552
  1.50    4050 0.03170  0.0629 23.53795 0.00079 0.00078 0.12862
  2.50   10125 0.03158  0.0998 23.64924 0.00079 0.00078 0.13055
  3.50   10401 0.03119  0.1427 24.06690 0.00080 0.00079 0.19330
  4.50   14710 0.03185  0.1806 23.41724 0.00081 0.00080 0.22558
  5.50   16977 0.03171  0.2172 23.55786 0.00081 0.00080 0.26597
  6.50   23676 0.03189  0.2604 23.38880 0.00081 0.00080 0.30714
  7.50   28669 0.03248  0.3048 22.83393 0.00082 0.00081 0.35415
  8.50   27182 0.03270  0.3508 22.64221 0.00083 0.00082 0.41176
  9.50   34917 0.03247  0.3905 22.86401 0.00085 0.00084 0.45057
 10.50   40401 0.03274  0.4371 22.62144 0.00085 0.00084 0.50012
 11.50   39427 0.03351  0.4830 21.94703 0.00087 0.00086 0.55615
 12.50   59089 0.03340  0.5336 22.07272 0.00089 0.00087 0.60340
 13.50   50298 0.03385  0.5864 21.67603 0.00089 0.00088 0.67014
 14.50   69367 0.03428  0.6402 21.33665 0.00091 0.00090 0.72378
 15.50   69366 0.03475  0.6970 20.95788 0.00093 0.00092 0.79028
 16.50   75514 0.03506  0.7537 20.72459 0.00094 0.00093 0.85399
 17.50   85970 0.03554  0.8129 20.36520 0.00096 0.00096 0.92039
 18.50   86130 0.03569  0.8744 20.26628 0.00097 0.00097 0.99221
 19.50  120492 0.03633  0.9436 19.77072 0.00098 0.00097 1.06334
 20.50  118414 0.03672  1.0210 19.47307 0.00098 0.00097 1.15404
 21.50  122807 0.03719  1.0969 19.11449 0.00098 0.00097 1.24252
 22.50  130503 0.03717  1.1705 19.13045 0.00097 0.00097 1.32625
 23.50  137596 0.03730  1.2504 19.02379 0.00096 0.00095 1.41697
