  0.50    1683 0.07576  0.0464 7.84313 0.00117 0.00152 3.85134
  1.50    3289 0.07623  0.1126 7.71234 0.00113 0.00148 0.26679
  2.50    8518 0.07530  0.1829 7.95098 0.00116 0.00152 0.26741
  3.50    8660 0.07653  0.2598 7.67082 0.00116 0.00152 0.37954
  4.50   12450 0.07599  0.3271 7.80099 0.00117 0.00153 0.44605
  5.50   14902 0.07637  0.3998 7.74357 0.00120 0.00157 0.53379
  6.50   21077 0.07672  0.4796 7.66180 0.00120 0.00157 0.61518
  7.50   25887 0.07677  0.5676 7.65430 0.00120 0.00157 0.71648
  8.50   24666 0.07582  0.6463 7.86350 0.00120 0.00157 0.82379
  9.50   31503 0.07539  0.7332 7.93701 0.00118 0.00154 0.91739
 10.50   36027 0.07586  0.8161 7.80208 0.00114 0.00149 1.01154
 11.50   34566 0.07420  0.9048 8.16576 0.00111 0.00145 1.12416
 12.50   49451 0.07272  1.0011 8.49080 0.00105 0.00137 1.21289
 13.50   39354 0.07041  1.0974 8.99854 0.00097 0.00125 1.34080
 14.50   48576 0.06717  1.1944 9.77820 0.00087 0.00112 1.43302
 15.50   43408 0.06377  1.2969 10.69346 0.00077 0.00099 1.55284
 16.50   40072 0.05931  1.3914 12.03886 0.00065 0.00083 1.65450
 17.50   35862 0.05457  1.4975 13.66513 0.00051 0.00065 1.76259
 18.50   26168 0.04945  1.6183 15.75905 0.00037 0.00047 1.89080
 19.50   21048 0.04298  1.7677 19.14908 0.00021 0.00026 2.01855
 20.50    7533 0.03714  1.9549 22.78948 0.00007 0.00009 2.21326
 21.50    1450 0.02824  2.1622 32.46501 0.00001 0.00002 2.41795
 22.50      42 0.01960  2.3048 70.45263 0.00000 0.00000 3.35104
 23.50       0 0.00000  0.0000 0.00000 0.00000 0.00000 0.00000
