  0.50    3267 0.02146  0.0269 19.38830 0.00105 0.00001 1.60602
  1.50    6706 0.02087  0.0504 20.10955 0.00107 0.00000 0.11579
  2.50   16627 0.02127  0.0849 19.62430 0.00106 0.00000 0.11712
  3.50   16708 0.02119  0.1173 19.72358 0.00106 0.00000 0.16281
  4.50   23639 0.02129  0.1497 19.60969 0.00107 0.00000 0.19323
  5.50   27297 0.02150  0.1791 19.37021 0.00108 0.00000 0.22623
  6.50   37696 0.02137  0.2144 19.51952 0.00107 0.00000 0.26021
  7.50   45770 0.02160  0.2502 19.27658 0.00109 0.00000 0.29931
  8.50   42909 0.02171  0.2850 19.16108 0.00110 0.00000 0.34371
  9.50   55520 0.02188  0.3182 18.99245 0.00113 0.00000 0.37691
 10.50   63634 0.02206  0.3563 18.79595 0.00113 0.00000 0.41889
 11.50   61749 0.02227  0.3909 18.59549 0.00115 0.00000 0.46221
 12.50   91179 0.02242  0.4308 18.44850 0.00117 0.00000 0.49928
 13.50   78034 0.02284  0.4709 18.02673 0.00119 0.00000 0.55232
 14.50  105987 0.02294  0.5112 17.95206 0.00121 0.00000 0.59194
 15.50  104825 0.02337  0.5554 17.53251 0.00122 0.00000 0.64576
 16.50  113819 0.02363  0.5988 17.30426 0.00125 0.00000 0.69611
 17.50  127482 0.02408  0.6443 16.89847 0.00127 0.00000 0.74849
 18.50  127874 0.02446  0.6896 16.58277 0.00130 0.00000 0.80436
 19.50  180089 0.02490  0.7413 16.20696 0.00132 0.00000 0.85750
 20.50  178868 0.02529  0.7981 15.90088 0.00136 0.00000 0.92767
 21.50  186967 0.02577  0.8553 15.53209 0.00138 0.00000 0.99721
 22.50  203419 0.02628  0.9136 15.14954 0.00142 0.00000 1.06758
 23.50  220002 0.02681  0.9750 14.76829 0.00144 0.00000 1.14181
