  0.50       0 0.00000  0.0000 0.00000 0.00000 0.00000 0.00000
  1.50       0 0.00000  0.0000 0.00000 0.00000 0.00000 0.00000
  2.50       0 0.00000  0.0000 0.00000 0.00000 0.00000 0.00000
  3.50       0 0.00000  0.0000 0.00000 0.00000 0.00000 0.00000
  4.50       0 0.00000  0.0000 0.00000 0.00000 0.00000 0.00000
  5.50    2691 0.15198  0.6308 -1.60222 0.00053 0.00083 1.02511
  6.50   11202 0.14963  0.6858 -0.47425 0.00096 0.00150 0.99215
  7.50   18572 0.14252  0.7880 0.70141 0.00127 0.00198 1.10359
  8.50   15339 0.13043  0.9061 1.53129 0.00108 0.00165 1.25094
  9.50   16752 0.11875  1.0283 2.49276 0.00088 0.00134 1.36766
 10.50   16113 0.10408  1.1401 4.04966 0.00071 0.00106 1.47099
 11.50   12482 0.09191  1.2402 5.68515 0.00056 0.00082 1.58076
 12.50   12401 0.08132  1.3399 7.33802 0.00037 0.00053 1.63916
 13.50    5384 0.06728  1.4683 10.34122 0.00018 0.00026 1.76881
 14.50    2276 0.05385  1.5924 14.56045 0.00006 0.00008 1.84632
 15.50     206 0.04620  1.7322 18.70990 0.00001 0.00002 2.11194
 16.50       0 0.00000  0.0000 0.00000 0.00000 0.00000 0.00000
 17.50       0 0.00000  0.0000 0.00000 0.00000 0.00000 0.00000
 18.50       0 0.00000  0.0000 0.00000 0.00000 0.00000 0.00000
 19.50       0 0.00000  0.0000 0.00000 0.00000 0.00000 0.00000
 20.50       0 0.00000  0.0000 0.00000 0.00000 0.00000 0.00000
 21.50       0 0.00000  0.0000 0.00000 0.00000 0.00000 0.00000
 22.50       0 0.00000  0.0000 0.00000 0.00000 0.00000 0.00000
 23.50       0 0.00000  0.0000 0.00000 0.00000 0.00000 0.00000
