  0.50   14953 0.03312  0.0298 3.41013 0.00519 0.00104 8.75425
  1.50   29759 0.03318  0.0669 3.39381 0.00515 0.00104 0.22972
  2.50   74954 0.03331  0.1091 3.37304 0.00517 0.00104 0.22921
  3.50   75958 0.03340  0.1516 3.36374 0.00521 0.00105 0.31718
  4.50  106916 0.03358  0.1907 3.33157 0.00521 0.00105 0.37228
  5.50  124011 0.03363  0.2295 3.32897 0.00525 0.00106 0.43989
  6.50  173542 0.03387  0.2755 3.29265 0.00528 0.00107 0.50790
  7.50  210540 0.03397  0.3216 3.28875 0.00535 0.00109 0.58415
  8.50  198406 0.03422  0.3666 3.25274 0.00539 0.00110 0.67398
  9.50  255457 0.03443  0.4127 3.23007 0.00547 0.00111 0.74676
 10.50  297791 0.03464  0.4595 3.20568 0.00553 0.00113 0.82678
 11.50  288683 0.03490  0.5105 3.17045 0.00558 0.00114 0.92570
 12.50  430686 0.03521  0.5615 3.13496 0.00567 0.00116 1.00237
 13.50  368672 0.03549  0.6196 3.09920 0.00573 0.00118 1.12211
 14.50  505606 0.03588  0.6756 3.05090 0.00582 0.00120 1.21435
 15.50  509287 0.03621  0.7379 3.01757 0.00593 0.00123 1.33586
 16.50  554023 0.03675  0.7997 2.94682 0.00601 0.00125 1.45671
 17.50  627313 0.03707  0.8662 2.91199 0.00610 0.00128 1.58160
 18.50  633641 0.03753  0.9314 2.85784 0.00619 0.00130 1.71547
 19.50  902295 0.03801  1.0084 2.80406 0.00630 0.00133 1.85127
 20.50  902050 0.03860  1.0971 2.73390 0.00639 0.00136 2.03659
 21.50  953431 0.03905  1.1861 2.68113 0.00647 0.00138 2.21848
 22.50 1038123 0.03947  1.2771 2.63392 0.00654 0.00140 2.40231
 23.50 1123194 0.03996  1.3745 2.56919 0.00656 0.00142 2.60487
