  0.50     887 0.08260  0.0440 7.22770 0.00062 0.00093 4.09677
  1.50    1820 0.08205  0.1111 7.37545 0.00063 0.00095 0.25732
  2.50    4764 0.08167  0.1884 7.49913 0.00065 0.00098 0.26950
  3.50    4795 0.08127  0.2575 7.57778 0.00064 0.00097 0.36923
  4.50    6784 0.08189  0.3269 7.44908 0.00064 0.00096 0.43780
  5.50    8001 0.08314  0.3985 7.15910 0.00065 0.00097 0.52154
  6.50   11511 0.08326  0.4737 7.15653 0.00066 0.00099 0.59807
  7.50   13983 0.08329  0.5601 7.14540 0.00065 0.00098 0.69725
  8.50   13289 0.08297  0.6470 7.22884 0.00065 0.00097 0.81064
  9.50   16686 0.08257  0.7275 7.27340 0.00062 0.00094 0.89503
 10.50   19107 0.08115  0.8199 7.55423 0.00060 0.00091 0.99837
 11.50   17827 0.08067  0.9102 7.62392 0.00057 0.00086 1.11246
 12.50   25291 0.07839  1.0003 8.11381 0.00054 0.00081 1.19566
 13.50   19655 0.07473  1.0976 8.95961 0.00048 0.00072 1.31969
 14.50   23627 0.07251  1.2018 9.42292 0.00042 0.00063 1.42207
 15.50   19934 0.06765  1.3050 10.73517 0.00035 0.00052 1.53962
 16.50   17459 0.06426  1.4157 11.67440 0.00028 0.00041 1.66070
 17.50   14567 0.06028  1.5325 12.86522 0.00021 0.00030 1.78262
 18.50    9364 0.05566  1.6595 14.51712 0.00013 0.00019 1.92039
 19.50    6764 0.04858  1.8243 17.75424 0.00007 0.00009 2.06805
 20.50    1970 0.04171  2.0271 21.84875 0.00002 0.00003 2.28014
 21.50     191 0.03254  2.1731 37.04040 0.00000 0.00001 2.52951
 22.50       0 0.00000  0.0000 0.00000 0.00000 0.00000 0.00000
 23.50       0 0.00000  0.0000 0.00000 0.00000 0.00000 0.00000
