  0.50      38 0.03053  0.0356 44.26630 0.00002 0.00004 6.06979
  1.50      77 0.03978  0.0935 31.61635 0.00002 0.00004 0.18957
  2.50     202 0.04335  0.1547 28.14388 0.00002 0.00004 0.19923
  3.50     191 0.03983  0.1902 31.72546 0.00002 0.00004 0.25248
  4.50     305 0.04280  0.2455 28.58093 0.00002 0.00004 0.30468
  5.50     336 0.03804  0.3037 33.63909 0.00002 0.00004 0.36580
  6.50     509 0.04051  0.3447 31.44504 0.00002 0.00004 0.40440
  7.50     623 0.04443  0.4198 27.58465 0.00002 0.00004 0.48521
  8.50     619 0.04392  0.4774 27.72251 0.00003 0.00004 0.55645
  9.50     785 0.04555  0.5358 26.13527 0.00003 0.00004 0.61556
 10.50     906 0.04371  0.5913 27.79918 0.00002 0.00004 0.67452
 11.50     841 0.04514  0.6613 26.73352 0.00002 0.00004 0.75673
 12.50    1346 0.04534  0.7333 26.43880 0.00003 0.00004 0.82245
 13.50    1179 0.04668  0.8069 25.19927 0.00003 0.00005 0.91571
 14.50    1544 0.04795  0.8737 24.39750 0.00003 0.00004 0.98190
 15.50    1526 0.04782  0.9577 24.39204 0.00002 0.00004 1.07907
 16.50    1568 0.04702  1.0329 25.11465 0.00002 0.00004 1.16376
 17.50    1712 0.04722  1.1046 24.65227 0.00002 0.00004 1.24296
 18.50    1550 0.04369  1.1918 27.89928 0.00002 0.00004 1.33907
 19.50    1894 0.04215  1.2696 29.69282 0.00002 0.00003 1.41343
 20.50    1623 0.04181  1.3633 29.97568 0.00002 0.00003 1.51828
 21.50    1410 0.03982  1.4641 32.07285 0.00001 0.00002 1.62399
 22.50     968 0.03594  1.5697 37.97014 0.00001 0.00001 1.73575
 23.50     639 0.03041  1.7529 48.75296 0.00001 0.00001 1.91655
