  0.50    1768 0.06109  0.0406 11.56960 0.00110 0.00146 4.86612
  1.50    3536 0.06188  0.1083 11.28655 0.00110 0.00146 0.23451
  2.50    8983 0.06129  0.1756 11.51174 0.00111 0.00146 0.24485
  3.50    9185 0.06093  0.2410 11.67046 0.00112 0.00148 0.33826
  4.50   13030 0.06101  0.3017 11.61354 0.00111 0.00147 0.39510
  5.50   15481 0.06295  0.3720 10.96547 0.00113 0.00150 0.47772
  6.50   21650 0.06342  0.4432 10.79905 0.00112 0.00149 0.54943
  7.50   26777 0.06318  0.5231 10.89570 0.00114 0.00151 0.63981
  8.50   25476 0.06368  0.6045 10.71911 0.00114 0.00151 0.74444
  9.50   32768 0.06390  0.6836 10.65569 0.00113 0.00150 0.82781
 10.50   38141 0.06346  0.7665 10.77691 0.00111 0.00148 0.92105
 11.50   36462 0.06298  0.8544 10.91651 0.00108 0.00144 1.03047
 12.50   52332 0.06261  0.9484 10.99156 0.00103 0.00137 1.12132
 13.50   42340 0.06118  1.0512 11.43673 0.00096 0.00127 1.25231
 14.50   53535 0.05919  1.1540 12.08588 0.00088 0.00116 1.35319
 15.50   47655 0.05705  1.2628 12.80175 0.00077 0.00101 1.47944
 16.50   43917 0.05437  1.3783 13.74946 0.00064 0.00085 1.60538
 17.50   40088 0.05141  1.4962 14.95235 0.00052 0.00068 1.72916
 18.50   30750 0.04688  1.6226 17.19277 0.00039 0.00051 1.86674
 19.50   29098 0.04186  1.7744 20.13088 0.00026 0.00033 2.00567
 20.50   15426 0.03762  1.9533 23.04490 0.00013 0.00017 2.19597
 21.50    6830 0.03148  2.1328 29.36140 0.00006 0.00007 2.37297
 22.50    2081 0.01944  2.3678 81.57643 0.00002 0.00002 2.59884
 23.50     230 0.01628  2.4548 107.85620 0.00000 0.00001 2.85046
