  0.50     558 0.05920  0.0379 13.76880 0.00033 0.00049 5.25970
  1.50    1134 0.06031  0.0968 13.32035 0.00034 0.00050 0.21609
  2.50    3024 0.06021  0.1580 13.45406 0.00036 0.00052 0.22023
  3.50    3033 0.06074  0.2170 13.21170 0.00035 0.00052 0.30370
  4.50    4433 0.06141  0.2862 12.98116 0.00036 0.00054 0.36991
  5.50    5002 0.06023  0.3375 13.44049 0.00035 0.00052 0.42828
  6.50    7100 0.06307  0.4061 12.32782 0.00036 0.00053 0.49699
  7.50    8991 0.06320  0.4761 12.33217 0.00037 0.00055 0.57493
  8.50    8374 0.06252  0.5482 12.55159 0.00036 0.00054 0.66600
  9.50   10893 0.06302  0.6225 12.39272 0.00037 0.00054 0.74286
 10.50   13052 0.06389  0.7011 12.07488 0.00037 0.00055 0.83084
 11.50   12516 0.06503  0.7774 11.65741 0.00037 0.00054 0.92838
 12.50   18151 0.06376  0.8598 12.07060 0.00036 0.00053 1.00422
 13.50   14993 0.06321  0.9482 12.26278 0.00034 0.00050 1.11933
 14.50   20086 0.06254  1.0391 12.47027 0.00033 0.00049 1.20895
 15.50   18389 0.06180  1.1320 12.67397 0.00030 0.00045 1.31982
 16.50   17744 0.05942  1.2230 13.51780 0.00027 0.00039 1.42074
 17.50   17826 0.05814  1.3215 13.99655 0.00024 0.00035 1.52894
 18.50   14653 0.05520  1.4197 15.15467 0.00019 0.00028 1.63983
 19.50   16083 0.05237  1.5365 16.37324 0.00015 0.00022 1.74835
 20.50   10862 0.04987  1.6741 17.35222 0.00010 0.00015 1.90387
 21.50    6654 0.04470  1.8206 20.34466 0.00006 0.00008 2.05594
 22.50    3415 0.03966  1.9869 24.13144 0.00003 0.00004 2.22489
 23.50    1065 0.03467  2.1695 29.25236 0.00001 0.00001 2.43065
