  0.50       0 0.00000  0.0000 0.00000 0.00000 0.00000 0.00000
  1.50       0 0.00000  0.0000 0.00000 0.00000 0.00000 0.00000
  2.50       0 0.00000  0.0000 0.00000 0.00000 0.00000 0.00000
  3.50       0 0.00000  0.0000 0.00000 0.00000 0.00000 0.00000
  4.50       0 0.00000  0.0000 0.00000 0.00000 0.00000 0.00000
  5.50       0 0.00000  0.0000 0.00000 0.00000 0.00000 0.00000
  6.50       0 0.00000  0.0000 0.00000 0.00000 0.00000 0.00000
  7.50    8222 0.14807  0.7713 0.43604 0.00085 0.00124 1.16910
  8.50   44385 0.14148  0.9868 0.66435 0.00366 0.00522 1.42466
  9.50   47953 0.11980  1.1186 2.27238 0.00296 0.00412 1.52722
 10.50   39691 0.10012  1.2340 4.16636 0.00204 0.00277 1.62089
 11.50   22926 0.08212  1.3371 6.54756 0.00119 0.00158 1.70993
 12.50   13471 0.06744  1.4479 9.09954 0.00047 0.00060 1.75110
 13.50    1775 0.05273  1.5973 12.61862 0.00007 0.00009 1.90132
 14.50      75 0.04558  1.8209 15.02140 0.00001 0.00001 2.41170
 15.50       0 0.00000  0.0000 0.00000 0.00000 0.00000 0.00000
 16.50       0 0.00000  0.0000 0.00000 0.00000 0.00000 0.00000
 17.50       0 0.00000  0.0000 0.00000 0.00000 0.00000 0.00000
 18.50       0 0.00000  0.0000 0.00000 0.00000 0.00000 0.00000
 19.50       0 0.00000  0.0000 0.00000 0.00000 0.00000 0.00000
 20.50       0 0.00000  0.0000 0.00000 0.00000 0.00000 0.00000
 21.50       0 0.00000  0.0000 0.00000 0.00000 0.00000 0.00000
 22.50       0 0.00000  0.0000 0.00000 0.00000 0.00000 0.00000
 23.50       0 0.00000  0.0000 0.00000 0.00000 0.00000 0.00000
