  0.50       0 0.00000  0.0000 0.00000 0.00000 0.00000 0.00000
  1.50       0 0.00000  0.0000 0.00000 0.00000 0.00000 0.00000
  2.50       0 0.00000  0.0000 0.00000 0.00000 0.00000 0.00000
  3.50       0 0.00000  0.0000 0.00000 0.00000 0.00000 0.00000
  4.50       0 0.00000  0.0000 0.00000 0.00000 0.00000 0.00000
  5.50       0 0.00000  0.0000 0.00000 0.00000 0.00000 0.00000
  6.50    3010 0.15348  0.7305 -1.51925 0.00101 0.00147 1.13056
  7.50   35163 0.14926  0.8383 -0.45044 0.00259 0.00374 1.22558
  8.50   48839 0.13663  0.9462 1.03803 0.00369 0.00525 1.35630
  9.50   51248 0.11866  1.0771 2.35938 0.00291 0.00404 1.46599
 10.50   45970 0.10178  1.1983 3.99673 0.00217 0.00294 1.57392
 11.50   32145 0.08747  1.3041 5.80051 0.00153 0.00204 1.68431
 12.50   26635 0.07474  1.4153 7.75809 0.00084 0.00110 1.73957
 13.50    7675 0.05898  1.5469 11.29426 0.00028 0.00035 1.86017
 14.50    1603 0.04826  1.6997 14.58281 0.00005 0.00006 1.98912
 15.50      23 0.02110  1.9033 48.70510 0.00001 0.00001 3.04396
 16.50       0 0.00000  0.0000 0.00000 0.00000 0.00000 0.00000
 17.50       0 0.00000  0.0000 0.00000 0.00000 0.00000 0.00000
 18.50       0 0.00000  0.0000 0.00000 0.00000 0.00000 0.00000
 19.50       0 0.00000  0.0000 0.00000 0.00000 0.00000 0.00000
 20.50       0 0.00000  0.0000 0.00000 0.00000 0.00000 0.00000
 21.50       0 0.00000  0.0000 0.00000 0.00000 0.00000 0.00000
 22.50       0 0.00000  0.0000 0.00000 0.00000 0.00000 0.00000
 23.50       0 0.00000  0.0000 0.00000 0.00000 0.00000 0.00000
