  0.50     165 0.05803  0.0457 15.79120 0.00009 0.00014 6.03323
  1.50     315 0.04988  0.0826 20.34740 0.00009 0.00014 0.18471
  2.50     781 0.04974  0.1343 20.41502 0.00008 0.00013 0.18269
  3.50     855 0.05126  0.1908 19.54772 0.00009 0.00015 0.25892
  4.50    1191 0.05061  0.2428 19.90874 0.00009 0.00014 0.30695
  5.50    1434 0.05130  0.2903 19.48569 0.00009 0.00015 0.36187
  6.50    2016 0.05329  0.3598 18.35787 0.00009 0.00015 0.42859
  7.50    2491 0.05194  0.4238 19.20466 0.00010 0.00015 0.49657
  8.50    2394 0.05185  0.4830 19.33686 0.00010 0.00016 0.57257
  9.50    3077 0.05370  0.5444 18.24003 0.00010 0.00016 0.63395
 10.50    3604 0.05387  0.6124 18.09352 0.00010 0.00016 0.70714
 11.50    3630 0.05454  0.6732 17.79929 0.00010 0.00016 0.78193
 12.50    5202 0.05564  0.7454 17.15722 0.00010 0.00016 0.85040
 13.50    4435 0.05502  0.8204 17.48073 0.00010 0.00016 0.94514
 14.50    5947 0.05717  0.9044 16.34233 0.00010 0.00015 1.03256
 15.50    5712 0.05511  0.9836 17.37237 0.00009 0.00015 1.12383
 16.50    6067 0.05466  1.0627 17.58302 0.00009 0.00015 1.21340
 17.50    6258 0.05421  1.1399 17.81314 0.00008 0.00013 1.29777
 18.50    5931 0.05467  1.2220 17.52278 0.00008 0.00013 1.39531
 19.50    6998 0.05319  1.3116 18.18519 0.00007 0.00011 1.48000
 20.50    5909 0.05055  1.4185 19.70355 0.00006 0.00009 1.59931
 21.50    4901 0.04792  1.5268 21.16553 0.00004 0.00007 1.71553
 22.50    3591 0.04428  1.6451 23.67892 0.00003 0.00005 1.83950
 23.50    2250 0.04083  1.7820 26.29912 0.00002 0.00003 1.98010
