  0.50    1424 0.10511  0.0577 3.90189 0.00118 0.00184 2.53596
  1.50    3026 0.10798  0.1446 3.56025 0.00125 0.00195 0.34291
  2.50    7480 0.10671  0.2193 3.71305 0.00122 0.00190 0.33075
  3.50    7689 0.10742  0.3116 3.61692 0.00122 0.00191 0.46886
  4.50   10869 0.10695  0.3918 3.66806 0.00120 0.00188 0.54987
  5.50   12909 0.10653  0.4703 3.73521 0.00122 0.00190 0.64728
  6.50   17951 0.10531  0.5629 3.87914 0.00118 0.00184 0.74343
  7.50   21151 0.10347  0.6614 4.11081 0.00113 0.00176 0.85751
  8.50   19234 0.09955  0.7567 4.62972 0.00106 0.00165 0.98391
  9.50   23504 0.09800  0.8522 4.81754 0.00099 0.00153 1.08428
 10.50   25801 0.09327  0.9528 5.52511 0.00091 0.00141 1.19315
 11.50   22454 0.09066  1.0466 5.86771 0.00081 0.00123 1.30871
 12.50   28673 0.08777  1.1551 6.25514 0.00068 0.00103 1.40522
 13.50   20379 0.08219  1.2658 7.23787 0.00055 0.00084 1.54255
 14.50   21443 0.07655  1.3839 8.31516 0.00042 0.00063 1.65196
 15.50   14165 0.06822  1.5136 10.30755 0.00027 0.00040 1.79006
 16.50    8422 0.05967  1.6572 12.82217 0.00015 0.00022 1.93236
 17.50    3683 0.05235  1.8090 15.58625 0.00006 0.00008 2.08019
 18.50     755 0.04324  1.9730 21.35455 0.00001 0.00002 2.25708
 19.50      29 0.03441  2.0485 29.07785 0.00001 0.00001 3.77273
 20.50       0 0.00000  0.0000 0.00000 0.00000 0.00000 0.00000
 21.50       0 0.00000  0.0000 0.00000 0.00000 0.00000 0.00000
 22.50       0 0.00000  0.0000 0.00000 0.00000 0.00000 0.00000
 23.50       0 0.00000  0.0000 0.00000 0.00000 0.00000 0.00000
