  0.50      26 0.02043  0.0391 63.53760 0.00001 0.00001 10.06358
  1.50      69 0.02212  0.0553 59.54970 0.00001 0.00002 0.11398
  2.50     175 0.01872  0.0774 71.80084 0.00001 0.00002 0.10295
  3.50     152 0.02125  0.1108 61.51214 0.00001 0.00002 0.14428
  4.50     253 0.01936  0.1395 71.20606 0.00001 0.00002 0.16890
  5.50     292 0.02316  0.1629 56.98711 0.00001 0.00002 0.19671
  6.50     402 0.02052  0.1974 65.26932 0.00001 0.00002 0.22663
  7.50     461 0.02018  0.2329 66.12029 0.00001 0.00002 0.26365
  8.50     424 0.02039  0.2635 65.06734 0.00001 0.00002 0.29888
  9.50     531 0.02199  0.2949 60.28487 0.00001 0.00002 0.32735
 10.50     705 0.02195  0.3319 59.79171 0.00001 0.00002 0.36459
 11.50     639 0.02205  0.3607 59.73517 0.00001 0.00002 0.39805
 12.50     950 0.02183  0.3956 59.91362 0.00001 0.00002 0.42738
 13.50     766 0.02225  0.4374 60.56091 0.00001 0.00002 0.47842
 14.50    1118 0.02225  0.4679 58.59794 0.00001 0.00002 0.50523
 15.50    1139 0.02197  0.5141 60.20820 0.00001 0.00002 0.55648
 16.50    1304 0.02252  0.5519 58.87061 0.00002 0.00002 0.59698
 17.50    1460 0.02283  0.5918 56.98409 0.00002 0.00002 0.63990
 18.50    1390 0.02211  0.6307 59.23484 0.00001 0.00002 0.68360
 19.50    2048 0.02333  0.6753 56.28488 0.00002 0.00002 0.72622
 20.50    2030 0.02409  0.7333 53.32598 0.00002 0.00003 0.78647
 21.50    2097 0.02525  0.7738 50.59578 0.00002 0.00003 0.83125
 22.50    2194 0.02636  0.8296 47.78273 0.00002 0.00003 0.89194
 23.50    2381 0.02624  0.8779 48.31537 0.00002 0.00003 0.94397
