  0.50     321 0.01588  0.0303 67.05710 0.00010 0.00012 10.13949
  1.50     598 0.01699  0.0473 62.05980 0.00010 0.00012 0.09567
  2.50    1502 0.01638  0.0782 64.90502 0.00010 0.00012 0.10154
  3.50    1439 0.01611  0.1026 65.94548 0.00009 0.00011 0.13609
  4.50    2083 0.01598  0.1350 66.65279 0.00009 0.00011 0.16375
  5.50    2477 0.01601  0.1666 66.63400 0.00010 0.00012 0.19850
  6.50    3422 0.01626  0.1974 65.41100 0.00010 0.00012 0.22551
  7.50    4087 0.01629  0.2275 65.15727 0.00010 0.00012 0.25630
  8.50    3698 0.01645  0.2617 64.56565 0.00010 0.00012 0.29662
  9.50    4843 0.01633  0.2885 65.23437 0.00010 0.00012 0.32130
 10.50    5616 0.01675  0.3230 63.19584 0.00010 0.00012 0.35646
 11.50    5455 0.01692  0.3562 62.62306 0.00010 0.00013 0.39513
 12.50    8084 0.01694  0.3902 62.55568 0.00010 0.00013 0.42365
 13.50    6924 0.01722  0.4292 61.24088 0.00011 0.00013 0.47133
 14.50    9381 0.01708  0.4630 61.88001 0.00011 0.00013 0.50147
 15.50    9204 0.01758  0.5014 59.96375 0.00011 0.00013 0.54525
 16.50    9940 0.01792  0.5393 58.55528 0.00011 0.00014 0.58539
 17.50   11189 0.01830  0.5805 57.20727 0.00011 0.00014 0.62829
 18.50   11209 0.01845  0.6163 56.61002 0.00012 0.00014 0.66858
 19.50   15744 0.01899  0.6647 54.85179 0.00012 0.00015 0.71412
 20.50   15542 0.01920  0.7114 54.11495 0.00012 0.00015 0.76660
 21.50   16302 0.01950  0.7612 53.18711 0.00013 0.00015 0.82109
 22.50   17461 0.01998  0.8086 51.68810 0.00013 0.00016 0.87276
 23.50   18706 0.02017  0.8576 51.10512 0.00013 0.00016 0.92608
