  0.50     534 0.07279  0.0541 9.38927 0.00037 0.00053 3.91258
  1.50    1106 0.07331  0.1088 9.28205 0.00038 0.00054 0.25682
  2.50    2686 0.07711  0.1800 8.31127 0.00037 0.00053 0.25818
  3.50    2809 0.07754  0.2580 8.21524 0.00038 0.00054 0.37017
  4.50    4030 0.07583  0.3327 8.64191 0.00038 0.00054 0.44202
  5.50    4630 0.07782  0.3951 8.15084 0.00037 0.00054 0.51843
  6.50    6745 0.07971  0.4772 7.74704 0.00038 0.00055 0.60360
  7.50    8222 0.07794  0.5585 8.13615 0.00038 0.00055 0.69417
  8.50    7879 0.07844  0.6435 8.01608 0.00038 0.00055 0.80565
  9.50   10082 0.07759  0.7219 8.21967 0.00038 0.00054 0.88844
 10.50   11698 0.07643  0.8062 8.49837 0.00037 0.00053 0.98213
 11.50   10847 0.07530  0.8949 8.69677 0.00035 0.00050 1.09371
 12.50   15732 0.07350  0.9846 9.14629 0.00034 0.00048 1.17765
 13.50   12214 0.07106  1.0806 9.68942 0.00030 0.00043 1.30243
 14.50   15392 0.06827  1.1692 10.47008 0.00028 0.00039 1.38560
 15.50   13867 0.06546  1.2637 11.21837 0.00025 0.00035 1.49870
 16.50   12704 0.06070  1.3549 12.78894 0.00021 0.00029 1.59402
 17.50   11474 0.05571  1.4588 14.60684 0.00017 0.00023 1.69897
 18.50    8176 0.05038  1.5792 16.97344 0.00012 0.00016 1.82609
 19.50    6324 0.04434  1.7270 20.23112 0.00006 0.00009 1.95475
 20.50    2063 0.03759  1.9209 25.23280 0.00002 0.00003 2.15025
 21.50     307 0.03146  2.0743 32.36418 0.00001 0.00001 2.37155
 22.50       0 0.00000  0.0000 0.00000 0.00000 0.00000 0.00000
 23.50       0 0.00000  0.0000 0.00000 0.00000 0.00000 0.00000
