  0.50     316 0.04431  0.0319 21.07800 0.00017 0.00024 5.87170
  1.50     605 0.04432  0.0805 21.02670 0.00016 0.00023 0.18602
  2.50    1537 0.04593  0.1340 20.04244 0.00017 0.00023 0.18357
  3.50    1523 0.04705  0.1953 19.22222 0.00016 0.00023 0.26634
  4.50    2249 0.04636  0.2524 19.72834 0.00017 0.00023 0.31901
  5.50    2604 0.04631  0.2997 19.74564 0.00017 0.00023 0.37282
  6.50    3732 0.04767  0.3584 18.91265 0.00017 0.00024 0.42931
  7.50    4593 0.04809  0.4205 18.71645 0.00018 0.00025 0.49712
  8.50    4401 0.04782  0.4827 18.85267 0.00018 0.00025 0.57521
  9.50    5667 0.04981  0.5521 17.70217 0.00018 0.00025 0.64631
 10.50    6773 0.05008  0.6139 17.58280 0.00018 0.00026 0.71499
 11.50    6717 0.05050  0.6840 17.35466 0.00019 0.00026 0.80033
 12.50    9909 0.05086  0.7580 17.16731 0.00019 0.00026 0.87047
 13.50    8608 0.05107  0.8300 17.04228 0.00019 0.00026 0.96543
 14.50   11453 0.05133  0.9060 16.88751 0.00018 0.00026 1.04098
 15.50   11298 0.05112  0.9905 16.99171 0.00018 0.00025 1.14146
 16.50   11840 0.05148  1.0701 16.77383 0.00018 0.00024 1.23402
 17.50   12379 0.05054  1.1510 17.21218 0.00016 0.00023 1.32192
 18.50   11798 0.05009  1.2257 17.43165 0.00016 0.00022 1.41113
 19.50   15071 0.04815  1.3126 18.45840 0.00014 0.00020 1.49240
 20.50   12874 0.04674  1.4213 19.19685 0.00012 0.00017 1.61748
 21.50   10926 0.04287  1.5250 21.66798 0.00010 0.00014 1.72405
 22.50    8668 0.04060  1.6511 23.17529 0.00007 0.00010 1.85952
 23.50    5935 0.03713  1.7771 25.90170 0.00005 0.00006 1.98837
