  0.50    1449 0.05067  0.0455 15.76310 0.00086 0.00113 5.21791
  1.50    2908 0.05395  0.1021 14.19220 0.00086 0.00113 0.21880
  2.50    7327 0.05562  0.1668 13.47692 0.00086 0.00113 0.22980
  3.50    7686 0.05388  0.2337 14.28816 0.00089 0.00117 0.32178
  4.50   11065 0.05546  0.2899 13.57757 0.00090 0.00119 0.37529
  5.50   12709 0.05611  0.3531 13.29283 0.00089 0.00117 0.44818
  6.50   18145 0.05537  0.4211 13.64284 0.00090 0.00119 0.51557
  7.50   22131 0.05699  0.5006 12.94348 0.00091 0.00119 0.60497
  8.50   21283 0.05816  0.5748 12.49278 0.00092 0.00121 0.70107
  9.50   27537 0.05755  0.6500 12.74268 0.00092 0.00121 0.77879
 10.50   32493 0.05720  0.7313 12.89069 0.00092 0.00121 0.86928
 11.50   31321 0.05739  0.8108 12.79932 0.00090 0.00119 0.96817
 12.50   45608 0.05713  0.9036 12.86342 0.00088 0.00115 1.05855
 13.50   37734 0.05694  1.0007 12.90809 0.00083 0.00110 1.18361
 14.50   48191 0.05566  1.0962 13.37545 0.00077 0.00102 1.27806
 15.50   43903 0.05445  1.2050 13.82279 0.00069 0.00091 1.40532
 16.50   42656 0.05239  1.3110 14.63387 0.00062 0.00081 1.52180
 17.50   40509 0.04932  1.4242 16.07364 0.00051 0.00067 1.64074
 18.50   32882 0.04664  1.5416 17.44687 0.00041 0.00053 1.77047
 19.50   34560 0.04170  1.6763 20.45404 0.00030 0.00039 1.89355
 20.50   21748 0.03788  1.8436 23.11955 0.00019 0.00024 2.07447
 21.50   12472 0.03271  2.0094 28.24660 0.00010 0.00013 2.24162
 22.50    5799 0.02873  2.1822 33.44495 0.00004 0.00005 2.41486
 23.50    1737 0.01486  2.4179 112.73694 0.00001 0.00001 2.63213
