  0.50    6501 0.15985  0.0642 -0.65879 0.00676 0.01018 0.47917
  1.50   12487 0.15856  0.1585 -0.63295 0.00642 0.00966 0.40473
  2.50   31899 0.15804  0.2614 -0.59909 0.00643 0.00966 0.43825
  3.50   32623 0.15634  0.3634 -0.50250 0.00639 0.00958 0.60766
  4.50   45463 0.15273  0.4541 -0.31008 0.00616 0.00919 0.70580
  5.50   52394 0.14856  0.5480 -0.06386 0.00598 0.00888 0.82835
  6.50   70272 0.14164  0.6535 0.35394 0.00557 0.00820 0.93937
  7.50   79685 0.13417  0.7678 0.83451 0.00506 0.00738 1.07193
  8.50   69490 0.12437  0.8809 1.57456 0.00452 0.00651 1.21683
  9.50   78833 0.11517  0.9965 2.34150 0.00388 0.00552 1.33035
 10.50   77056 0.10368  1.1265 3.49118 0.00314 0.00440 1.46137
 11.50   59442 0.09295  1.2522 4.78424 0.00242 0.00334 1.60166
 12.50   61994 0.08252  1.3975 6.25851 0.00164 0.00224 1.71988
 13.50   30051 0.07530  1.5508 7.23874 0.00090 0.00121 1.88822
 14.50   17086 0.06066  1.7192 10.69044 0.00036 0.00048 2.02016
 15.50    3545 0.04526  1.9128 17.13888 0.00007 0.00009 2.19434
 16.50     269 0.03275  2.0530 28.27449 0.00001 0.00001 2.39823
 17.50       0 0.00000  0.0000 0.00000 0.00000 0.00000 0.00000
 18.50       0 0.00000  0.0000 0.00000 0.00000 0.00000 0.00000
 19.50       0 0.00000  0.0000 0.00000 0.00000 0.00000 0.00000
 20.50       0 0.00000  0.0000 0.00000 0.00000 0.00000 0.00000
 21.50       0 0.00000  0.0000 0.00000 0.00000 0.00000 0.00000
 22.50       0 0.00000  0.0000 0.00000 0.00000 0.00000 0.00000
 23.50       0 0.00000  0.0000 0.00000 0.00000 0.00000 0.00000
