  0.50       0 0.00000  0.0000 0.00000 0.00000 0.00000 0.00000
  1.50       0 0.00000  0.0000 0.00000 0.00000 0.00000 0.00000
  2.50       0 0.00000  0.0000 0.00000 0.00000 0.00000 0.00000
  3.50       0 0.00000  0.0000 0.00000 0.00000 0.00000 0.00000
  4.50       0 0.00000  0.0000 0.00000 0.00000 0.00000 0.00000
  5.50       0 0.00000  0.0000 0.00000 0.00000 0.00000 0.00000
  6.50      11 0.03043  0.1540 27.25470 0.00002 0.00002 0.39930
  7.50     799 0.13776  0.6302 0.09757 0.00014 0.00019 1.11013
  8.50   17040 0.14414  1.0299 0.26740 0.00154 0.00210 1.51379
  9.50   22130 0.11924  1.1448 2.24269 0.00152 0.00200 1.57869
 10.50   16482 0.09435  1.2340 4.63482 0.00096 0.00122 1.61945
 11.50    7543 0.07358  1.3547 7.60473 0.00044 0.00054 1.70258
 12.50    2402 0.06238  1.4882 8.98071 0.00009 0.00011 1.77897
 13.50      42 0.04605  1.6299 14.98075 0.00001 0.00001 2.54399
 14.50       0 0.00000  0.0000 0.00000 0.00000 0.00000 0.00000
 15.50       0 0.00000  0.0000 0.00000 0.00000 0.00000 0.00000
 16.50       0 0.00000  0.0000 0.00000 0.00000 0.00000 0.00000
 17.50       0 0.00000  0.0000 0.00000 0.00000 0.00000 0.00000
 18.50       0 0.00000  0.0000 0.00000 0.00000 0.00000 0.00000
 19.50       0 0.00000  0.0000 0.00000 0.00000 0.00000 0.00000
 20.50       0 0.00000  0.0000 0.00000 0.00000 0.00000 0.00000
 21.50       0 0.00000  0.0000 0.00000 0.00000 0.00000 0.00000
 22.50       0 0.00000  0.0000 0.00000 0.00000 0.00000 0.00000
 23.50       0 0.00000  0.0000 0.00000 0.00000 0.00000 0.00000
