  0.50      30 0.02129  0.0595 60.59830 0.00001 0.00002 9.80026
  1.50      72 0.02223  0.0474 61.20100 0.00001 0.00002 0.10965
  2.50     193 0.02023  0.0787 65.47900 0.00001 0.00002 0.10408
  3.50     169 0.02391  0.1138 53.53062 0.00001 0.00002 0.14895
  4.50     278 0.02007  0.1432 66.91126 0.00001 0.00002 0.17332
  5.50     334 0.02358  0.1688 56.05121 0.00001 0.00002 0.20266
  6.50     439 0.02179  0.2069 61.03495 0.00001 0.00002 0.23818
  7.50     511 0.02149  0.2383 62.14873 0.00001 0.00002 0.26909
  8.50     452 0.02109  0.2650 62.69166 0.00001 0.00002 0.30171
  9.50     621 0.02321  0.3103 55.85143 0.00001 0.00002 0.34458
 10.50     767 0.02255  0.3378 57.99352 0.00001 0.00002 0.37199
 11.50     695 0.02388  0.3726 53.81474 0.00001 0.00002 0.41232
 12.50    1067 0.02204  0.4108 59.77985 0.00001 0.00002 0.44467
 13.50     875 0.02354  0.4437 55.16104 0.00001 0.00002 0.48654
 14.50    1274 0.02301  0.4922 56.70811 0.00002 0.00002 0.53220
 15.50    1236 0.02258  0.5277 58.92311 0.00002 0.00002 0.57208
 16.50    1464 0.02447  0.5736 52.63352 0.00002 0.00003 0.62330
 17.50    1585 0.02353  0.6101 55.50705 0.00002 0.00003 0.66086
 18.50    1567 0.02363  0.6517 55.15205 0.00002 0.00003 0.70914
 19.50    2320 0.02584  0.7079 49.16345 0.00002 0.00003 0.75991
 20.50    2250 0.02569  0.7565 49.41847 0.00002 0.00003 0.81294
 21.50    2275 0.02714  0.8091 46.12071 0.00002 0.00003 0.87212
 22.50    2428 0.02725  0.8587 45.84233 0.00002 0.00003 0.92560
 23.50    2611 0.02753  0.9174 44.89449 0.00002 0.00003 0.98830
