  0.50     260 0.03576  0.0383 28.17430 0.00012 0.00017 6.77575
  1.50     474 0.03482  0.0757 29.11960 0.00011 0.00016 0.16876
  2.50    1178 0.03644  0.1163 27.38904 0.00011 0.00015 0.15770
  3.50    1191 0.03578  0.1713 28.07942 0.00011 0.00015 0.22838
  4.50    1661 0.03696  0.2089 26.91719 0.00011 0.00015 0.26176
  5.50    1978 0.03663  0.2599 27.21368 0.00012 0.00016 0.31789
  6.50    2870 0.03680  0.3126 27.15576 0.00012 0.00016 0.36710
  7.50    3401 0.03784  0.3620 26.06871 0.00012 0.00016 0.42005
  8.50    3378 0.03794  0.4166 26.06699 0.00012 0.00017 0.48689
  9.50    4185 0.03909  0.4711 24.96546 0.00012 0.00017 0.54238
 10.50    5002 0.03873  0.5252 25.28871 0.00013 0.00017 0.59940
 11.50    4917 0.03996  0.5873 24.21063 0.00013 0.00018 0.67377
 12.50    7467 0.04003  0.6500 24.16532 0.00013 0.00018 0.73161
 13.50    6404 0.04143  0.7124 23.02546 0.00013 0.00018 0.81257
 14.50    8891 0.04126  0.7778 23.24096 0.00013 0.00019 0.87670
 15.50    8804 0.04138  0.8480 23.08786 0.00013 0.00019 0.95847
 16.50    9451 0.04234  0.9187 22.33618 0.00013 0.00018 1.04005
 17.50   10491 0.04256  0.9941 22.18948 0.00013 0.00018 1.12330
 18.50   10325 0.04252  1.0608 22.19177 0.00013 0.00018 1.20260
 19.50   13717 0.04288  1.1445 21.90609 0.00012 0.00017 1.28595
 20.50   12874 0.04308  1.2282 21.68076 0.00012 0.00016 1.38476
 21.50   12416 0.04208  1.3092 22.41261 0.00011 0.00015 1.47565
 22.50   12026 0.04100  1.3977 23.17681 0.00010 0.00014 1.57236
 23.50   11129 0.03919  1.4955 24.58223 0.00008 0.00012 1.67642
