  0.50     805 0.03892  0.0373 22.75670 0.00040 0.00050 6.46809
  1.50    1632 0.03966  0.0857 22.16415 0.00041 0.00051 0.18477
  2.50    3944 0.03973  0.1261 22.08832 0.00039 0.00049 0.17349
  3.50    4057 0.03984  0.1808 22.06072 0.00040 0.00050 0.24695
  4.50    5833 0.03964  0.2268 22.20161 0.00041 0.00051 0.28866
  5.50    6778 0.03989  0.2747 21.99209 0.00041 0.00051 0.34328
  6.50    9393 0.04032  0.3285 21.66937 0.00041 0.00051 0.39370
  7.50   11896 0.04068  0.3856 21.45818 0.00043 0.00053 0.45536
  8.50   11204 0.04073  0.4418 21.39576 0.00043 0.00053 0.52625
  9.50   14636 0.04224  0.5017 20.32459 0.00044 0.00055 0.58730
 10.50   17265 0.04238  0.5619 20.24719 0.00044 0.00055 0.65301
 11.50   16820 0.04287  0.6244 19.91964 0.00045 0.00056 0.72980
 12.50   25586 0.04338  0.6915 19.58998 0.00046 0.00057 0.79253
 13.50   22011 0.04437  0.7604 18.95749 0.00046 0.00058 0.88320
 14.50   30297 0.04452  0.8346 18.86552 0.00046 0.00058 0.95696
 15.50   29730 0.04528  0.9125 18.38065 0.00046 0.00058 1.05077
 16.50   32111 0.04512  0.9862 18.47840 0.00046 0.00057 1.13489
 17.50   35306 0.04470  1.0656 18.73853 0.00045 0.00056 1.22275
 18.50   34466 0.04480  1.1460 18.65911 0.00044 0.00055 1.31927
 19.50   45272 0.04426  1.2309 18.92445 0.00041 0.00051 1.40201
 20.50   41472 0.04358  1.3248 19.32862 0.00038 0.00047 1.51304
 21.50   39205 0.04185  1.4175 20.42202 0.00034 0.00043 1.61504
 22.50   36015 0.04014  1.5183 21.52202 0.00029 0.00036 1.72426
 23.50   31768 0.03821  1.6272 22.90201 0.00024 0.00030 1.84140
