  0.50    2962 0.11506  0.0606 2.61373 0.00264 0.00364 1.62419
  1.50    5934 0.11341  0.1391 2.78129 0.00262 0.00362 0.36120
  2.50   15395 0.11449  0.2335 2.68921 0.00268 0.00369 0.37189
  3.50   15481 0.11436  0.3267 2.68552 0.00263 0.00362 0.51922
  4.50   22386 0.11424  0.4141 2.70052 0.00264 0.00364 0.61146
  5.50   26007 0.11308  0.4994 2.81558 0.00260 0.00358 0.72072
  6.50   35876 0.11075  0.6001 3.03455 0.00250 0.00343 0.82781
  7.50   42082 0.10721  0.7016 3.38991 0.00236 0.00323 0.94727
  8.50   38272 0.10367  0.8039 3.76247 0.00222 0.00302 1.08561
  9.50   46819 0.09751  0.8985 4.51865 0.00207 0.00280 1.17820
 10.50   49670 0.09231  1.0059 5.18043 0.00184 0.00246 1.29520
 11.50   42824 0.08727  1.1103 5.87154 0.00160 0.00213 1.42481
 12.50   54882 0.07958  1.2185 7.17581 0.00135 0.00178 1.51237
 13.50   37934 0.07608  1.3256 7.69364 0.00107 0.00140 1.64420
 14.50   39477 0.06836  1.4342 9.36962 0.00081 0.00104 1.73349
 15.50   24483 0.05923  1.5626 11.79422 0.00049 0.00063 1.86423
 16.50   12338 0.04938  1.7119 15.32988 0.00022 0.00028 2.00193
 17.50    3767 0.04057  1.8652 19.72370 0.00006 0.00007 2.13675
 18.50     376 0.03166  2.0896 30.81643 0.00001 0.00001 2.41186
 19.50       0 0.00000  0.0000 0.00000 0.00000 0.00000 0.00000
 20.50       0 0.00000  0.0000 0.00000 0.00000 0.00000 0.00000
 21.50       0 0.00000  0.0000 0.00000 0.00000 0.00000 0.00000
 22.50       0 0.00000  0.0000 0.00000 0.00000 0.00000 0.00000
 23.50       0 0.00000  0.0000 0.00000 0.00000 0.00000 0.00000
