  0.50   18968 0.07864  0.0557 3.04490 0.01315 0.00011 0.73343
  1.50   38572 0.07862  0.1175 3.05836 0.01330 0.00005 0.37919
  2.50   98378 0.07902  0.2019 3.02424 0.01339 0.00002 0.36961
  3.50  101139 0.07925  0.2816 3.01061 0.01352 0.00002 0.51639
  4.50  145087 0.07951  0.3581 2.98729 0.01355 0.00002 0.60874
  5.50  169097 0.07952  0.4345 2.97898 0.01346 0.00001 0.72328
  6.50  241391 0.07968  0.5251 2.96600 0.01349 0.00001 0.83824
  7.50  296139 0.07968  0.6207 2.96234 0.01344 0.00001 0.97551
  8.50  281888 0.07940  0.7162 2.97769 0.01326 0.00001 1.13415
  9.50  361840 0.07886  0.8115 3.01319 0.01300 0.00001 1.25757
 10.50  418445 0.07800  0.9153 3.06997 0.01261 0.00001 1.40161
 11.50  396990 0.07685  1.0192 3.14867 0.01206 0.00001 1.56126
 12.50  566300 0.07482  1.1349 3.30565 0.01130 0.00000 1.68892
 13.50  459144 0.07239  1.2584 3.50463 0.01043 0.00000 1.87579
 14.50  577457 0.06922  1.3853 3.78881 0.00938 0.00000 2.01153
 15.50  518400 0.06562  1.5222 4.14250 0.00823 0.00000 2.18559
 16.50  487044 0.06155  1.6642 4.58172 0.00697 0.00000 2.34830
 17.50  455854 0.05720  1.8133 5.10792 0.00567 0.00000 2.50840
 18.50  357715 0.05232  1.9771 5.79187 0.00432 0.00000 2.68598
 19.50  338217 0.04627  2.1675 6.80647 0.00282 0.00000 2.83979
 20.50  174361 0.03974  2.3932 8.11109 0.00142 0.00000 3.04969
 21.50   65569 0.03356  2.6139 9.57351 0.00050 0.00000 3.22749
 22.50   15657 0.02810  2.8119 11.31038 0.00011 0.00000 3.35794
 23.50    1664 0.01913  2.9897 24.59132 0.00001 0.00000 3.50602
