  0.50     579 0.02826  0.0321 34.28600 0.00025 0.00031 7.61033
  1.50    1160 0.03084  0.0593 30.63850 0.00025 0.00031 0.13235
  2.50    2817 0.02932  0.1141 32.84396 0.00024 0.00030 0.15202
  3.50    2889 0.02908  0.1504 33.04140 0.00025 0.00030 0.20270
  4.50    4207 0.02916  0.1909 33.05540 0.00025 0.00031 0.23816
  5.50    4785 0.03017  0.2314 31.58348 0.00025 0.00031 0.28332
  6.50    6710 0.02945  0.2765 32.60445 0.00025 0.00031 0.32497
  7.50    8210 0.03015  0.3240 31.60968 0.00026 0.00032 0.37487
  8.50    7909 0.03088  0.3686 30.70875 0.00027 0.00033 0.43058
  9.50   10076 0.03051  0.4174 31.19321 0.00027 0.00033 0.47798
 10.50   11769 0.03113  0.4648 30.41785 0.00027 0.00033 0.52867
 11.50   11513 0.03179  0.5150 29.57104 0.00028 0.00034 0.58875
 12.50   17399 0.03252  0.5722 28.70357 0.00028 0.00035 0.64143
 13.50   14932 0.03237  0.6280 28.90311 0.00029 0.00036 0.71166
 14.50   20831 0.03308  0.6847 28.10716 0.00030 0.00037 0.76668
 15.50   20951 0.03354  0.7483 27.62898 0.00030 0.00037 0.84077
 16.50   22539 0.03438  0.8139 26.72354 0.00030 0.00037 0.91505
 17.50   25546 0.03469  0.8745 26.40991 0.00031 0.00038 0.98168
 18.50   25318 0.03552  0.9409 25.58492 0.00031 0.00038 1.06079
 19.50   35480 0.03574  1.0143 25.36561 0.00031 0.00038 1.13283
 20.50   34202 0.03594  1.0961 25.15343 0.00030 0.00037 1.22832
 21.50   35216 0.03621  1.1749 24.90093 0.00030 0.00037 1.31915
 22.50   35886 0.03629  1.2533 24.79842 0.00028 0.00035 1.40845
 23.50   36172 0.03608  1.3292 24.92607 0.00027 0.00033 1.49315
