  0.50     524 0.02547  0.0152 38.87980 0.00021 0.00026 8.20693
  1.50     975 0.02569  0.0635 38.39835 0.00020 0.00024 0.13760
  2.50    2396 0.02536  0.1022 39.03606 0.00019 0.00024 0.13460
  3.50    2491 0.02633  0.1441 37.32070 0.00020 0.00024 0.19182
  4.50    3600 0.02549  0.1780 38.85710 0.00020 0.00025 0.22042
  5.50    4160 0.02605  0.2147 37.91091 0.00020 0.00025 0.26053
  6.50    5681 0.02582  0.2539 38.23609 0.00020 0.00025 0.29616
  7.50    6935 0.02615  0.2995 37.65990 0.00021 0.00025 0.34403
  8.50    6625 0.02666  0.3417 36.77526 0.00021 0.00026 0.39566
  9.50    8689 0.02703  0.3830 36.17639 0.00022 0.00027 0.43555
 10.50    9986 0.02698  0.4278 36.30196 0.00022 0.00027 0.48256
 11.50    9710 0.02726  0.4758 35.82401 0.00022 0.00027 0.53912
 12.50   14525 0.02785  0.5197 34.86059 0.00023 0.00028 0.57720
 13.50   12389 0.02883  0.5772 33.36126 0.00023 0.00028 0.64904
 14.50   17392 0.02885  0.6285 33.36881 0.00024 0.00029 0.69744
 15.50   17405 0.02918  0.6821 32.95491 0.00024 0.00030 0.75969
 16.50   19218 0.02950  0.7393 32.47888 0.00025 0.00031 0.82241
 17.50   21221 0.03039  0.8002 31.23129 0.00025 0.00031 0.88953
 18.50   21571 0.03066  0.8555 30.93519 0.00025 0.00031 0.95401
 19.50   30140 0.03142  0.9227 29.97667 0.00026 0.00032 1.02035
 20.50   29674 0.03206  0.9978 29.16600 0.00026 0.00032 1.10839
 21.50   30243 0.03219  1.0676 29.00672 0.00025 0.00031 1.18735
 22.50   32303 0.03270  1.1417 28.40997 0.00025 0.00031 1.27107
 23.50   33734 0.03310  1.2142 27.94032 0.00025 0.00031 1.35353
