  0.50    3460 0.09229  0.0530 4.98247 0.00270 0.00373 3.00287
  1.50    6995 0.09286  0.1228 4.89974 0.00271 0.00375 0.30046
  2.50   17709 0.09252  0.2119 4.94846 0.00271 0.00374 0.31628
  3.50   18135 0.09275  0.2971 4.91817 0.00272 0.00376 0.44380
  4.50   25994 0.09214  0.3729 5.01365 0.00272 0.00376 0.51943
  5.50   30264 0.09290  0.4525 4.88505 0.00269 0.00372 0.61969
  6.50   42676 0.09202  0.5443 5.02254 0.00266 0.00368 0.71635
  7.50   50958 0.09105  0.6448 5.14344 0.00257 0.00355 0.83442
  8.50   47154 0.08917  0.7347 5.43331 0.00247 0.00341 0.95431
  9.50   58570 0.08741  0.8309 5.68270 0.00234 0.00322 1.05784
 10.50   64306 0.08400  0.9319 6.24213 0.00216 0.00296 1.16956
 11.50   57285 0.08110  1.0370 6.71790 0.00194 0.00264 1.29838
 12.50   75247 0.07887  1.1542 7.03666 0.00167 0.00227 1.40629
 13.50   54141 0.07632  1.2771 7.43468 0.00137 0.00185 1.55770
 14.50   58422 0.07006  1.4033 8.75799 0.00106 0.00142 1.67469
 15.50   41855 0.06239  1.5465 10.74287 0.00074 0.00098 1.82803
 16.50   28407 0.05545  1.6969 12.94946 0.00045 0.00059 1.98018
 17.50   15905 0.04815  1.8624 15.95403 0.00022 0.00029 2.14046
 18.50    5688 0.03863  2.0482 21.84606 0.00008 0.00010 2.32278
 19.50    1374 0.02401  2.2477 65.56177 0.00001 0.00002 2.48014
 20.50       0 0.00000  0.0000 0.00000 0.00000 0.00000 0.00000
 21.50       0 0.00000  0.0000 0.00000 0.00000 0.00000 0.00000
 22.50       0 0.00000  0.0000 0.00000 0.00000 0.00000 0.00000
 23.50       0 0.00000  0.0000 0.00000 0.00000 0.00000 0.00000
