  0.50       0 0.00000  0.0000 0.00000 0.00000 0.00000 0.00000
  1.50       0 0.00000  0.0000 0.00000 0.00000 0.00000 0.00000
  2.50       0 0.00000  0.0000 0.00000 0.00000 0.00000 0.00000
  3.50       0 0.00000  0.0000 0.00000 0.00000 0.00000 0.00000
  4.50       0 0.00000  0.0000 0.00000 0.00000 0.00000 0.00000
  5.50       0 0.00000  0.0000 0.00000 0.00000 0.00000 0.00000
  6.50       0 0.00000  0.0000 0.00000 0.00000 0.00000 0.00000
  7.50     112 0.12384  0.5440 2.64013 0.00008 0.00014 0.74277
  8.50      17 0.12291  0.5520 2.37245 0.00009 0.00017 1.53395
  9.50       0 0.00000  0.0000 0.00000 0.00000 0.00000 0.00000
 10.50       0 0.00000  0.0000 0.00000 0.00000 0.00000 0.00000
 11.50       0 0.00000  0.0000 0.00000 0.00000 0.00000 0.00000
 12.50       0 0.00000  0.0000 0.00000 0.00000 0.00000 0.00000
 13.50       0 0.00000  0.0000 0.00000 0.00000 0.00000 0.00000
 14.50       0 0.00000  0.0000 0.00000 0.00000 0.00000 0.00000
 15.50       0 0.00000  0.0000 0.00000 0.00000 0.00000 0.00000
 16.50       0 0.00000  0.0000 0.00000 0.00000 0.00000 0.00000
 17.50       0 0.00000  0.0000 0.00000 0.00000 0.00000 0.00000
 18.50       0 0.00000  0.0000 0.00000 0.00000 0.00000 0.00000
 19.50       0 0.00000  0.0000 0.00000 0.00000 0.00000 0.00000
 20.50       0 0.00000  0.0000 0.00000 0.00000 0.00000 0.00000
 21.50       0 0.00000  0.0000 0.00000 0.00000 0.00000 0.00000
 22.50       0 0.00000  0.0000 0.00000 0.00000 0.00000 0.00000
 23.50       0 0.00000  0.0000 0.00000 0.00000 0.00000 0.00000
