  0.50       0 0.00000  0.0000 0.00000 0.00000 0.00000 0.00000
  1.50       0 0.00000  0.0000 0.00000 0.00000 0.00000 0.00000
  2.50       0 0.00000  0.0000 0.00000 0.00000 0.00000 0.00000
  3.50       0 0.00000  0.0000 0.00000 0.00000 0.00000 0.00000
  4.50      40 0.05711  0.5524 0.81578 0.00002 0.00000 0.98386
  5.50     239 0.04909  0.4072 2.66173 0.00005 0.00000 0.57985
  6.50     851 0.04382  0.2086 4.63690 0.00014 0.00000 0.27595
  7.50   13803 0.09535  0.3788 1.05730 0.00145 0.00001 0.79942
  8.50  275598 0.13800  1.1394 0.00277 0.02692 0.00002 2.21631
  9.50  342339 0.11186  1.3260 1.19101 0.02464 0.00001 2.29830
 10.50  206888 0.08592  1.5032 2.28122 0.01209 0.00000 2.34523
 11.50   70921 0.06548  1.6634 3.43372 0.00410 0.00000 2.39392
 12.50   18330 0.04666  1.8706 5.20366 0.00069 0.00000 2.42754
 13.50     587 0.03084  2.2126 8.48083 0.00003 0.00000 2.54484
 14.50       0 0.00000  0.0000 0.00000 0.00000 0.00000 0.00000
 15.50       0 0.00000  0.0000 0.00000 0.00000 0.00000 0.00000
 16.50       0 0.00000  0.0000 0.00000 0.00000 0.00000 0.00000
 17.50       0 0.00000  0.0000 0.00000 0.00000 0.00000 0.00000
 18.50       0 0.00000  0.0000 0.00000 0.00000 0.00000 0.00000
 19.50       0 0.00000  0.0000 0.00000 0.00000 0.00000 0.00000
 20.50       0 0.00000  0.0000 0.00000 0.00000 0.00000 0.00000
 21.50       0 0.00000  0.0000 0.00000 0.00000 0.00000 0.00000
 22.50       0 0.00000  0.0000 0.00000 0.00000 0.00000 0.00000
 23.50       0 0.00000  0.0000 0.00000 0.00000 0.00000 0.00000
