  0.50   66623 0.08273  0.0516 1.18218 0.04377 0.01396 7.37091
  1.50  134478 0.08316  0.1185 1.16593 0.04392 0.01405 0.76060
  2.50  340481 0.08306  0.1993 1.17027 0.04392 0.01404 0.73151
  3.50  346537 0.08319  0.2797 1.16429 0.04391 0.01405 1.03027
  4.50  496771 0.08346  0.3562 1.15327 0.04397 0.01410 1.21639
  5.50  580571 0.08375  0.4321 1.13641 0.04382 0.01409 1.44777
  6.50  825474 0.08392  0.5207 1.12755 0.04378 0.01409 1.67446
  7.50 1009004 0.08398  0.6178 1.11683 0.04343 0.01399 1.95543
  8.50  964330 0.08407  0.7155 1.10247 0.04299 0.01386 2.28589
  9.50 1241470 0.08394  0.8144 1.09012 0.04221 0.01359 2.54929
 10.50 1445000 0.08349  0.9233 1.08352 0.04108 0.01318 2.85392
 11.50 1389561 0.08278  1.0355 1.08153 0.03968 0.01267 3.19639
 12.50 2013710 0.08166  1.1621 1.07921 0.03756 0.01188 3.47869
 13.50 1659671 0.08013  1.3035 1.08078 0.03496 0.01093 3.89021
 14.50 2143334 0.07809  1.4532 1.09244 0.03197 0.00982 4.19909
 15.50 1977753 0.07549  1.6277 1.10685 0.02837 0.00853 4.60205
 16.50 1929613 0.07245  1.8182 1.12416 0.02447 0.00717 4.98758
 17.50 1896807 0.06880  2.0356 1.15250 0.02039 0.00579 5.37063
 18.50 1595763 0.06443  2.2906 1.19527 0.01618 0.00442 5.78985
 19.50 1741557 0.05862  2.6378 1.27405 0.01166 0.00303 6.19125
 20.50 1188064 0.05118  3.0862 1.43050 0.00735 0.00178 6.65961
 21.50  758508 0.04282  3.5848 1.72420 0.00409 0.00091 6.98031
 22.50  418377 0.03452  4.0396 2.17423 0.00196 0.00040 7.06359
 23.50  173338 0.02654  4.3640 2.87694 0.00073 0.00014 6.87230
