  0.50     423 0.05747  0.0308 14.24050 0.00026 0.00037 4.77125
  1.50     831 0.05782  0.0913 14.08970 0.00026 0.00036 0.21900
  2.50    2159 0.06285  0.1641 12.18404 0.00027 0.00038 0.22910
  3.50    2128 0.06078  0.2342 12.93250 0.00026 0.00036 0.32570
  4.50    3075 0.06201  0.2932 12.47384 0.00026 0.00037 0.38154
  5.50    3690 0.06167  0.3564 12.64059 0.00027 0.00038 0.45395
  6.50    5148 0.06380  0.4198 11.86865 0.00027 0.00038 0.51747
  7.50    6416 0.06534  0.4974 11.35390 0.00028 0.00039 0.60517
  8.50    6133 0.06335  0.5770 12.04789 0.00028 0.00039 0.70487
  9.50    8041 0.06571  0.6480 11.23817 0.00028 0.00040 0.78105
 10.50    9376 0.06435  0.7220 11.68634 0.00028 0.00039 0.86238
 11.50    9143 0.06407  0.8007 11.81112 0.00028 0.00039 0.96036
 12.50   13233 0.06418  0.8868 11.72308 0.00027 0.00038 1.04420
 13.50   11019 0.06361  0.9734 11.87896 0.00026 0.00037 1.15788
 14.50   14304 0.06157  1.0576 12.57687 0.00025 0.00035 1.23847
 15.50   13179 0.06116  1.1512 12.63466 0.00022 0.00032 1.35223
 16.50   13226 0.05840  1.2345 13.70034 0.00021 0.00029 1.44286
 17.50   13316 0.05675  1.3207 14.29379 0.00019 0.00026 1.53844
 18.50   11223 0.05275  1.4144 15.99159 0.00016 0.00022 1.64088
 19.50   12278 0.04863  1.5373 18.02429 0.00012 0.00017 1.75337
 20.50    7683 0.04374  1.6727 20.76785 0.00007 0.00010 1.89650
 21.50    4171 0.03897  1.8359 24.07796 0.00004 0.00005 2.06273
 22.50    1477 0.03326  2.0351 30.20940 0.00001 0.00002 2.26101
 23.50     221 0.02709  2.1501 45.15515 0.00000 0.00001 2.45973
