  0.50     360 0.02034  0.0412 51.77660 0.00016 0.00020 7.45317
  1.50     687 0.02018  0.0764 52.97685 0.00015 0.00019 0.15431
  2.50    1901 0.02153  0.1213 48.83628 0.00017 0.00021 0.15838
  3.50    1838 0.02038  0.1734 52.56880 0.00016 0.00020 0.22491
  4.50    2700 0.02019  0.2204 52.98174 0.00017 0.00021 0.26782
  5.50    3020 0.02123  0.2621 49.46241 0.00016 0.00021 0.31436
  6.50    4437 0.02155  0.3090 48.99411 0.00017 0.00022 0.35778
  7.50    5560 0.02239  0.3729 46.75523 0.00018 0.00023 0.42509
  8.50    5257 0.02247  0.4201 46.86924 0.00018 0.00023 0.48335
  9.50    6861 0.02219  0.4741 47.14487 0.00018 0.00023 0.53591
 10.50    8148 0.02247  0.5324 46.60131 0.00019 0.00024 0.59712
 11.50    7931 0.02377  0.5889 43.55874 0.00019 0.00024 0.66492
 12.50   12385 0.02471  0.6552 41.42668 0.00020 0.00026 0.72682
 13.50   10875 0.02500  0.7226 40.89302 0.00021 0.00026 0.80938
 14.50   15135 0.02607  0.7858 38.68162 0.00021 0.00027 0.87113
 15.50   15364 0.02720  0.8635 36.64419 0.00022 0.00028 0.96098
 16.50   16803 0.02742  0.9401 36.20489 0.00022 0.00028 1.04583
 17.50   18933 0.02765  1.0163 36.06079 0.00022 0.00028 1.12872
 18.50   18363 0.02818  1.1002 35.09604 0.00021 0.00027 1.22439
 19.50   25024 0.02851  1.1889 34.37665 0.00021 0.00026 1.31196
 20.50   23415 0.02791  1.2894 35.39772 0.00019 0.00025 1.42384
 21.50   22506 0.02832  1.3918 34.68470 0.00018 0.00023 1.53981
 22.50   21934 0.02798  1.4926 35.22810 0.00016 0.00020 1.64874
 23.50   20513 0.02700  1.6023 36.72093 0.00014 0.00018 1.76750
