  0.50     666 0.03227  0.0334 29.06190 0.00031 0.00038 7.03582
  1.50    1353 0.03606  0.0704 25.04460 0.00031 0.00039 0.15683
  2.50    3287 0.03425  0.1201 26.89874 0.00030 0.00037 0.16292
  3.50    3391 0.03335  0.1646 27.84152 0.00031 0.00038 0.22225
  4.50    4884 0.03406  0.2048 27.08743 0.00032 0.00039 0.25849
  5.50    5670 0.03436  0.2547 26.79586 0.00032 0.00039 0.31426
  6.50    7918 0.03425  0.3000 26.91224 0.00032 0.00040 0.35564
  7.50    9735 0.03505  0.3525 26.10905 0.00033 0.00041 0.41171
  8.50    9353 0.03492  0.4038 26.26460 0.00033 0.00042 0.47531
  9.50   12059 0.03552  0.4536 25.71024 0.00034 0.00042 0.52487
 10.50   14113 0.03666  0.5102 24.57511 0.00034 0.00043 0.58598
 11.50   13898 0.03703  0.5663 24.27526 0.00035 0.00044 0.65448
 12.50   20901 0.03718  0.6241 24.16333 0.00036 0.00044 0.70644
 13.50   18273 0.03765  0.6908 23.76823 0.00037 0.00046 0.79136
 14.50   25022 0.03828  0.7529 23.22723 0.00037 0.00046 0.85223
 15.50   24987 0.03896  0.8254 22.67214 0.00037 0.00046 0.93822
 16.50   26936 0.03962  0.8934 22.12188 0.00037 0.00046 1.01583
 17.50   30315 0.04000  0.9660 21.85260 0.00037 0.00047 1.09714
 18.50   29854 0.03990  1.0341 21.90815 0.00037 0.00046 1.17740
 19.50   41070 0.03989  1.1192 21.91924 0.00036 0.00045 1.26176
 20.50   38899 0.04019  1.2064 21.64675 0.00035 0.00043 1.36560
 21.50   38001 0.03980  1.2897 21.90261 0.00033 0.00041 1.46157
 22.50   37973 0.03911  1.3751 22.40508 0.00030 0.00038 1.55619
 23.50   36705 0.03803  1.4671 23.20371 0.00027 0.00034 1.65722
