  0.50   15304 0.06605  0.0496 4.22534 0.00955 0.00007 0.87295
  1.50   31046 0.06584  0.1089 4.26436 0.00964 0.00004 0.32078
  2.50   78242 0.06619  0.1803 4.21280 0.00962 0.00001 0.31202
  3.50   80429 0.06625  0.2521 4.21744 0.00975 0.00001 0.43671
  4.50  115753 0.06686  0.3198 4.14356 0.00984 0.00001 0.51493
  5.50  135223 0.06719  0.3934 4.09778 0.00983 0.00001 0.61966
  6.50  192178 0.06754  0.4695 4.05554 0.00988 0.00001 0.71132
  7.50  236310 0.06780  0.5563 4.02574 0.00993 0.00001 0.83067
  8.50  226953 0.06803  0.6398 3.99847 0.00996 0.00001 0.96446
  9.50  293990 0.06818  0.7284 3.97383 0.00990 0.00001 1.07841
 10.50  345832 0.06820  0.8208 3.96320 0.00983 0.00000 1.20586
 11.50  335556 0.06782  0.9168 3.99720 0.00966 0.00000 1.35158
 12.50  493065 0.06737  1.0212 4.02807 0.00937 0.00000 1.47206
 13.50  410399 0.06644  1.1308 4.10921 0.00894 0.00000 1.64365
 14.50  539121 0.06513  1.2437 4.23619 0.00844 0.00000 1.77421
 15.50  506845 0.06307  1.3675 4.45794 0.00778 0.00000 1.94028
 16.50  506509 0.06079  1.4912 4.71680 0.00705 0.00000 2.09466
 17.50  512325 0.05795  1.6198 5.07112 0.00623 0.00000 2.24539
 18.50  447205 0.05482  1.7565 5.49224 0.00532 0.00000 2.40963
 19.50  515813 0.05085  1.9176 6.10190 0.00426 0.00000 2.56259
 20.50  378215 0.04621  2.1075 6.91115 0.00308 0.00000 2.76880
 21.50  257798 0.04096  2.3044 8.02011 0.00195 0.00000 2.95934
 22.50  148803 0.03596  2.5165 9.24327 0.00102 0.00000 3.15345
 23.50   60097 0.03169  2.7389 10.23809 0.00037 0.00000 3.34075
