  0.50    4290 0.02641  0.0231 15.12570 0.00153 0.00001 1.49774
  1.50    8528 0.02636  0.0546 15.16010 0.00152 0.00000 0.13367
  2.50   21987 0.02649  0.0968 15.08376 0.00156 0.00000 0.13693
  3.50   21726 0.02653  0.1346 15.03858 0.00154 0.00000 0.19048
  4.50   30874 0.02660  0.1673 14.99854 0.00155 0.00000 0.22128
  5.50   35876 0.02679  0.2063 14.86405 0.00157 0.00000 0.26680
  6.50   49955 0.02680  0.2427 14.85829 0.00158 0.00000 0.30174
  7.50   60654 0.02703  0.2865 14.70632 0.00160 0.00000 0.35101
  8.50   57650 0.02741  0.3275 14.44855 0.00163 0.00000 0.40488
  9.50   73438 0.02747  0.3658 14.41284 0.00164 0.00000 0.44418
 10.50   85368 0.02766  0.4079 14.29274 0.00166 0.00000 0.49164
 11.50   83033 0.02796  0.4490 14.09747 0.00169 0.00000 0.54426
 12.50  123372 0.02832  0.4970 13.87253 0.00172 0.00000 0.59094
 13.50  105907 0.02867  0.5443 13.65467 0.00175 0.00000 0.65515
 14.50  145050 0.02914  0.5938 13.37336 0.00178 0.00000 0.70664
 15.50  145086 0.02958  0.6483 13.11012 0.00181 0.00000 0.77499
 16.50  157279 0.03013  0.7009 12.79323 0.00184 0.00000 0.83907
 17.50  178319 0.03050  0.7559 12.59602 0.00188 0.00000 0.90402
 18.50  179077 0.03099  0.8114 12.33100 0.00191 0.00000 0.97544
 19.50  255044 0.03158  0.8775 12.02387 0.00196 0.00000 1.04736
 20.50  254914 0.03196  0.9497 11.84270 0.00200 0.00000 1.13976
 21.50  268865 0.03185  1.0230 11.92471 0.00203 0.00000 1.23226
 22.50  289406 0.03150  1.0955 12.11930 0.00205 0.00000 1.32339
 23.50  312738 0.03163  1.1728 12.05579 0.00207 0.00000 1.42105
