  0.50    3744 0.05597  0.0435 10.67950 0.00203 0.00208 5.78883
  1.50    7721 0.05536  0.0864 10.91265 0.00209 0.00213 0.19846
  2.50   19559 0.05629  0.1465 10.61306 0.00210 0.00215 0.20937
  3.50   19650 0.05588  0.2065 10.74220 0.00209 0.00214 0.28997
  4.50   28508 0.05735  0.2605 10.29401 0.00214 0.00219 0.34384
  5.50   32712 0.05627  0.3138 10.62713 0.00212 0.00217 0.40671
  6.50   46455 0.05752  0.3766 10.24096 0.00215 0.00220 0.47141
  7.50   56894 0.05755  0.4455 10.24358 0.00217 0.00223 0.55091
  8.50   54650 0.05794  0.5090 10.13879 0.00221 0.00226 0.63425
  9.50   70651 0.05830  0.5749 10.03686 0.00222 0.00228 0.70450
 10.50   83382 0.05884  0.6478 9.88213 0.00224 0.00230 0.78867
 11.50   82262 0.05910  0.7198 9.81880 0.00227 0.00233 0.88136
 12.50  121826 0.05908  0.7967 9.81809 0.00225 0.00231 0.95839
 13.50  105176 0.05926  0.8817 9.76828 0.00226 0.00232 1.07101
 14.50  141049 0.05878  0.9671 9.88826 0.00220 0.00226 1.16032
 15.50  138909 0.05835  1.0579 10.00335 0.00216 0.00221 1.27161
 16.50  146854 0.05749  1.1477 10.24010 0.00210 0.00215 1.37593
 17.50  157659 0.05651  1.2409 10.49990 0.00199 0.00204 1.48181
 18.50  148790 0.05487  1.3340 10.99260 0.00186 0.00190 1.59086
 19.50  191286 0.05297  1.4433 11.55528 0.00169 0.00172 1.70048
 20.50  167366 0.04996  1.5631 12.58775 0.00148 0.00150 1.83438
 21.50  146579 0.04698  1.6841 13.68487 0.00123 0.00124 1.96527
 22.50  123964 0.04338  1.8129 15.22185 0.00096 0.00096 2.10067
 23.50   92455 0.03945  1.9592 17.14915 0.00065 0.00065 2.25029
