  0.50    1745 0.12052  0.0705 2.26406 0.00155 0.00246 1.95586
  1.50    3461 0.12082  0.1502 2.21500 0.00153 0.00242 0.36581
  2.50    8833 0.12166  0.2324 2.13137 0.00154 0.00244 0.35882
  3.50    9215 0.12064  0.3265 2.25817 0.00156 0.00248 0.50482
  4.50   12729 0.12074  0.4143 2.20646 0.00150 0.00238 0.59464
  5.50   14993 0.11911  0.4951 2.38907 0.00150 0.00237 0.69572
  6.50   20372 0.11669  0.5933 2.61884 0.00142 0.00224 0.79839
  7.50   23827 0.11194  0.6964 3.13319 0.00134 0.00211 0.91563
  8.50   21341 0.10906  0.7928 3.44022 0.00124 0.00194 1.04588
  9.50   25982 0.10426  0.8929 4.01038 0.00115 0.00179 1.14724
 10.50   27074 0.09932  0.9970 4.62181 0.00101 0.00156 1.26086
 11.50   22956 0.09324  1.0970 5.47126 0.00086 0.00132 1.38121
 12.50   28486 0.08897  1.2107 6.04829 0.00070 0.00107 1.47782
 13.50   18864 0.08333  1.3297 6.94447 0.00053 0.00080 1.62389
 14.50   17951 0.07488  1.4538 8.63318 0.00036 0.00055 1.73205
 15.50   10027 0.06491  1.5901 11.11462 0.00020 0.00030 1.87233
 16.50    4272 0.05530  1.7496 14.26769 0.00008 0.00011 2.02586
 17.50     967 0.04700  1.9197 20.53662 0.00002 0.00002 2.20028
 18.50      27 0.04592  2.0115 16.92780 0.00001 0.00001 3.72354
 19.50       0 0.00000  0.0000 0.00000 0.00000 0.00000 0.00000
 20.50       0 0.00000  0.0000 0.00000 0.00000 0.00000 0.00000
 21.50       0 0.00000  0.0000 0.00000 0.00000 0.00000 0.00000
 22.50       0 0.00000  0.0000 0.00000 0.00000 0.00000 0.00000
 23.50       0 0.00000  0.0000 0.00000 0.00000 0.00000 0.00000
