  0.50     158 0.02669  0.0443 41.91720 0.00007 0.00009 8.08037
  1.50     284 0.02363  0.0527 48.74095 0.00006 0.00008 0.12655
  2.50     736 0.02836  0.1052 39.13572 0.00006 0.00009 0.13940
  3.50     722 0.02933  0.1463 37.18194 0.00006 0.00009 0.19520
  4.50    1071 0.02723  0.1912 41.29107 0.00006 0.00009 0.23587
  5.50    1212 0.02782  0.2344 40.15062 0.00006 0.00009 0.28127
  6.50    1765 0.02823  0.2674 39.45644 0.00006 0.00009 0.31085
  7.50    2027 0.03031  0.3203 35.81625 0.00006 0.00009 0.36697
  8.50    2016 0.02894  0.3676 38.13927 0.00007 0.00009 0.42400
  9.50    2527 0.03045  0.4159 35.54460 0.00006 0.00009 0.47117
 10.50    3080 0.02959  0.4581 37.00926 0.00007 0.00010 0.51484
 11.50    3041 0.03085  0.5077 35.15851 0.00007 0.00010 0.57443
 12.50    4559 0.03119  0.5633 34.62880 0.00007 0.00010 0.62401
 13.50    4016 0.03090  0.6206 35.05779 0.00007 0.00011 0.69473
 14.50    5520 0.03241  0.6751 32.73004 0.00008 0.00011 0.74657
 15.50    5588 0.03230  0.7388 33.15432 0.00008 0.00011 0.81915
 16.50    6152 0.03345  0.7999 31.48555 0.00008 0.00011 0.88788
 17.50    6989 0.03463  0.8672 30.03071 0.00008 0.00012 0.96106
 18.50    7189 0.03535  0.9298 29.24046 0.00008 0.00012 1.03506
 19.50    9835 0.03512  1.0018 29.50872 0.00008 0.00012 1.10396
 20.50    9548 0.03451  1.0832 30.29969 0.00008 0.00012 1.19703
 21.50   10000 0.03565  1.1634 28.88031 0.00008 0.00012 1.28823
 22.50   10081 0.03695  1.2435 27.42701 0.00008 0.00011 1.37854
 23.50   10164 0.03673  1.3255 27.55632 0.00007 0.00010 1.46979
