  0.50       0 0.00000  0.0000 0.00000 0.00000 0.00000 0.00000
  1.50       0 0.00000  0.0000 0.00000 0.00000 0.00000 0.00000
  2.50       0 0.00000  0.0000 0.00000 0.00000 0.00000 0.00000
  3.50       0 0.00000  0.0000 0.00000 0.00000 0.00000 0.00000
  4.50       0 0.00000  0.0000 0.00000 0.00000 0.00000 0.00000
  5.50       0 0.00000  0.0000 0.00000 0.00000 0.00000 0.00000
  6.50       0 0.00000  0.0000 0.00000 0.00000 0.00000 0.00000
  7.50   11808 0.16094  0.9121 -2.78195 0.00135 0.00203 1.37850
  8.50   66040 0.14749  0.9909 -0.09377 0.00543 0.00805 1.42199
  9.50   71331 0.12533  1.1352 1.45966 0.00437 0.00631 1.53875
 10.50   55651 0.10447  1.2762 3.29099 0.00281 0.00395 1.65782
 11.50   28585 0.08669  1.4164 5.34083 0.00144 0.00198 1.78922
 12.50   13333 0.07061  1.5744 7.73083 0.00044 0.00059 1.88359
 13.50    1188 0.04964  1.7273 15.08228 0.00005 0.00006 2.01665
 14.50      22 0.05635  1.7494 8.70954 0.00001 0.00001 4.02748
 15.50       0 0.00000  0.0000 0.00000 0.00000 0.00000 0.00000
 16.50       0 0.00000  0.0000 0.00000 0.00000 0.00000 0.00000
 17.50       0 0.00000  0.0000 0.00000 0.00000 0.00000 0.00000
 18.50       0 0.00000  0.0000 0.00000 0.00000 0.00000 0.00000
 19.50       0 0.00000  0.0000 0.00000 0.00000 0.00000 0.00000
 20.50       0 0.00000  0.0000 0.00000 0.00000 0.00000 0.00000
 21.50       0 0.00000  0.0000 0.00000 0.00000 0.00000 0.00000
 22.50       0 0.00000  0.0000 0.00000 0.00000 0.00000 0.00000
 23.50       0 0.00000  0.0000 0.00000 0.00000 0.00000 0.00000
