  0.50    3475 0.13287  0.0663 1.21976 0.00333 0.00471 0.91540
  1.50    7116 0.13147  0.1464 1.34936 0.00338 0.00478 0.39120
  2.50   18139 0.13193  0.2441 1.31206 0.00339 0.00478 0.40176
  3.50   18270 0.13073  0.3503 1.39119 0.00332 0.00467 0.57206
  4.50   26241 0.12973  0.4299 1.47365 0.00331 0.00466 0.65508
  5.50   30068 0.12636  0.5274 1.73211 0.00320 0.00448 0.77963
  6.50   40811 0.12346  0.6265 1.93913 0.00302 0.00422 0.88540
  7.50   47021 0.11763  0.7351 2.42255 0.00280 0.00388 1.01205
  8.50   42462 0.11130  0.8414 3.01834 0.00260 0.00358 1.15239
  9.50   49444 0.10441  0.9403 3.70664 0.00231 0.00314 1.24903
 10.50   51061 0.09701  1.0563 4.54442 0.00198 0.00268 1.37210
 11.50   43116 0.08920  1.1625 5.59719 0.00169 0.00226 1.49780
 12.50   52061 0.08010  1.2716 7.07597 0.00135 0.00178 1.58211
 13.50   33969 0.07509  1.3850 7.85834 0.00101 0.00131 1.71651
 14.50   30299 0.06566  1.4983 9.93691 0.00065 0.00084 1.80406
 15.50   14335 0.05396  1.6463 13.42952 0.00030 0.00038 1.94502
 16.50    4229 0.04413  1.7951 17.39714 0.00008 0.00010 2.07707
 17.50     510 0.03500  1.9771 24.04501 0.00001 0.00002 2.28015
 18.50       0 0.00000  0.0000 0.00000 0.00000 0.00000 0.00000
 19.50       0 0.00000  0.0000 0.00000 0.00000 0.00000 0.00000
 20.50       0 0.00000  0.0000 0.00000 0.00000 0.00000 0.00000
 21.50       0 0.00000  0.0000 0.00000 0.00000 0.00000 0.00000
 22.50       0 0.00000  0.0000 0.00000 0.00000 0.00000 0.00000
 23.50       0 0.00000  0.0000 0.00000 0.00000 0.00000 0.00000
