-173.57 -8.270e-05
-160.71 -6.388e-05
-147.86  6.222e-06
-135.00  3.407e-05
-122.14  2.096e-05
-109.29  1.335e-05
-96.43 -2.961e-05
-83.57 -5.696e-05
-70.71 -8.689e-05
-57.86 -5.184e-05
-45.00 -2.274e-04
-32.14 -4.120e-04
-19.29 -7.540e-04
-6.43 -1.059e-03
 6.43 -1.059e-03
19.29 -7.540e-04
32.14 -4.120e-04
45.00 -2.274e-04
57.86 -5.184e-05
70.71 -8.689e-05
83.57 -5.696e-05
96.43 -2.961e-05
109.29  1.335e-05
122.14  2.096e-05
135.00  3.407e-05
147.86  6.222e-06
160.71 -6.388e-05
173.57 -8.270e-05
