 0.05 -1.195e-01
 0.15 -1.166e-01
 0.25 -1.040e-01
 0.35 -1.004e-01
 0.45 -7.490e-02
 0.55 -6.621e-02
 0.65 -6.328e-02
 0.75 -1.586e-02
 0.85 -2.172e-02
 0.95  2.227e-03
 1.05 -8.126e-03
 1.15 -2.968e-03
 1.25 -2.282e-02
 1.35  4.939e-03
 1.45 -7.433e-04
 1.55  8.026e-03
 1.65 -6.372e-04
 1.75 -6.307e-03
 1.85  1.704e-03
 1.95  5.673e-04
 2.05 -3.170e-04
 2.15  1.592e-05
 2.25 -5.728e-06
 2.35  0.000e+00
 2.45  0.000e+00
 2.55  0.000e+00
 2.65  0.000e+00
 2.75  0.000e+00
 2.85  0.000e+00
 2.95  0.000e+00
 3.05  0.000e+00
 3.15  0.000e+00
 3.25  0.000e+00
 3.35  0.000e+00
 3.45  0.000e+00
 3.55  0.000e+00
 3.65  0.000e+00
 3.75  0.000e+00
 3.85  0.000e+00
 3.95  0.000e+00
 4.05  0.000e+00
 4.15  0.000e+00
 4.25  0.000e+00
 4.35  0.000e+00
 4.45  0.000e+00
 4.55  0.000e+00
 4.65  0.000e+00
 4.75  0.000e+00
 4.85  0.000e+00
 4.95  0.000e+00
