 0.05 -1.234e-01
 0.15 -1.116e-01
 0.25 -8.946e-02
 0.35 -5.809e-02
 0.45 -5.117e-02
 0.55 -4.926e-02
 0.65 -3.585e-02
 0.75 -9.955e-03
 0.85 -1.232e-02
 0.95 -1.871e-02
 1.05 -1.391e-02
 1.15  9.538e-03
 1.25 -7.754e-03
 1.35 -9.613e-04
 1.45  5.023e-03
 1.55  6.417e-03
 1.65 -4.012e-03
 1.75 -5.374e-03
 1.85 -1.884e-03
 1.95  3.803e-04
 2.05 -3.337e-04
 2.15  5.679e-05
 2.25 -4.370e-07
 2.35  0.000e+00
 2.45  0.000e+00
 2.55  0.000e+00
 2.65  0.000e+00
 2.75  0.000e+00
 2.85  0.000e+00
 2.95  0.000e+00
 3.05  0.000e+00
 3.15  0.000e+00
 3.25  0.000e+00
 3.35  0.000e+00
 3.45  0.000e+00
 3.55  0.000e+00
 3.65  0.000e+00
 3.75  0.000e+00
 3.85  0.000e+00
 3.95  0.000e+00
 4.05  0.000e+00
 4.15  0.000e+00
 4.25  0.000e+00
 4.35  0.000e+00
 4.45  0.000e+00
 4.55  0.000e+00
 4.65  0.000e+00
 4.75  0.000e+00
 4.85  0.000e+00
 4.95  0.000e+00
