 0.05 -1.578e-01
 0.15 -1.259e-01
 0.25 -1.080e-01
 0.35 -5.565e-02
 0.45 -4.812e-02
 0.55 -3.419e-02
 0.65 -8.530e-03
 0.75 -1.438e-02
 0.85 -2.793e-03
 0.95 -1.020e-02
 1.05 -1.400e-03
 1.15 -5.554e-03
 1.25  0.000e+00
 1.35  0.000e+00
 1.45  0.000e+00
 1.55  0.000e+00
 1.65  0.000e+00
 1.75  0.000e+00
 1.85  0.000e+00
 1.95  0.000e+00
 2.05  0.000e+00
 2.15  0.000e+00
 2.25  0.000e+00
 2.35  0.000e+00
 2.45  0.000e+00
 2.55  0.000e+00
 2.65  0.000e+00
 2.75  0.000e+00
 2.85  0.000e+00
 2.95  0.000e+00
 3.05  0.000e+00
 3.15  0.000e+00
 3.25  0.000e+00
 3.35  0.000e+00
 3.45  0.000e+00
 3.55  0.000e+00
 3.65  0.000e+00
 3.75  0.000e+00
 3.85  0.000e+00
 3.95  0.000e+00
 4.05  0.000e+00
 4.15  0.000e+00
 4.25  0.000e+00
 4.35  0.000e+00
 4.45  0.000e+00
 4.55  0.000e+00
 4.65  0.000e+00
 4.75  0.000e+00
 4.85  0.000e+00
 4.95  0.000e+00
