 5.00 -1.466e-03 -1.953e-01 -4.815e-02 -1.489e-01
15.00  1.706e-03 -1.405e-01 -2.117e-01 -2.595e-02
25.00  1.002e-02 -2.533e-01 -2.704e-02  1.069e-01
35.00 -7.293e-03  2.200e-01  1.206e-02  3.708e-01
45.00  2.423e-02  1.327e-01 -1.434e-01  6.668e-02
55.00  9.271e-03 -1.691e-01 -1.147e-01  2.675e-01
65.00  3.004e-03 -2.571e-01  1.179e-01 -3.113e-01
75.00  1.820e-02  9.867e-02 -1.308e-01 -3.487e-01
85.00  5.008e-03 -3.982e-01  1.120e-01  1.272e-01
95.00 -2.069e-02 -1.348e-01 -1.271e-01 -1.841e-01
105.00 -3.452e-02  1.928e-01 -6.817e-02  1.700e-02
115.00  3.718e-03 -6.695e-02 -2.069e-01  3.900e-02
125.00  3.589e-02 -1.207e-01  1.156e-01  1.218e-01
135.00 -7.774e-03 -2.107e-01  5.472e-02  2.874e-01
145.00  6.287e-03 -2.301e-01 -4.369e-01 -7.950e-02
155.00 -4.809e-02  4.299e-01 -3.099e-01  2.474e-01
165.00  7.976e-02 -2.569e-01 -1.884e-01  1.897e-01
175.00 -3.449e-02 -1.737e-01  9.962e-02 -1.724e-01
185.00 -7.487e-02  1.469e-01 -1.292e-01 -2.419e-01
195.00  8.384e-02 -5.964e-03 -1.640e-01 -2.128e-01
205.00  1.014e-02  2.549e-02 -1.311e-01  2.592e-01
215.00  3.472e-02 -3.692e-02  1.893e-01  1.822e-01
225.00 -8.515e-02 -1.760e-01  8.082e-03 -3.064e-01
235.00 -3.435e-02  1.770e-01  1.697e-01  1.629e-01
245.00 -7.369e-02  3.042e-01  1.138e-01  2.348e-01
255.00 -4.733e-02 -3.779e-01 -5.155e-02  8.889e-02
265.00 -8.253e-03 -2.047e-01  1.844e-01  1.506e-01
275.00  1.043e-01  1.228e-01 -1.823e-01 -4.351e-01
285.00 -7.723e-02 -1.682e-01  3.194e-01 -1.089e-01
295.00 -8.552e-02  1.593e-01  1.122e-01  1.226e-01
305.00 -7.408e-02  1.004e-02  1.372e-01 -5.194e-01
315.00 -9.524e-04  8.265e-02  1.741e-01 -2.372e-01
325.00  2.833e-01 -5.954e-02  2.193e-01 -2.022e-01
335.00  9.658e-03 -2.598e-01  1.337e-01  5.160e-02
345.00  7.160e-02  2.260e-01 -4.975e-03 -3.820e-01
355.00 -1.412e-01  2.173e-01  7.576e-02  1.853e-01
365.00 -4.071e-03 -1.206e-02  2.632e-02 -2.295e-01
375.00  6.386e-02 -4.053e-02 -1.637e-02  9.694e-03
385.00 -1.583e-01  3.862e-04  2.373e-01 -1.253e-01
395.00  7.801e-02  4.264e-01  6.534e-02 -2.788e-01
405.00  4.819e-02  9.332e-02 -1.402e-01  3.388e-01
415.00 -1.343e-01  7.137e-02  1.547e-01 -2.825e-01
425.00 -1.357e-02 -2.447e-01  9.348e-02 -4.371e-01
435.00  1.411e-01  1.947e-01  1.333e-01 -1.897e-01
445.00 -7.387e-02  1.844e-01  1.198e-01 -3.121e-01
455.00 -8.166e-02  9.650e-02  4.298e-02  9.357e-02
465.00  3.809e-02 -2.018e-02 -2.261e-01  1.831e-01
475.00  5.627e-02 -2.949e-01  3.934e-02 -1.087e-01
485.00 -7.804e-02  4.494e-01  1.657e-01  5.017e-02
495.00 -4.721e-02 -4.199e-02 -3.588e-01  2.384e-02
505.00 -3.181e-02 -2.059e-01 -5.695e-02 -1.078e-01
515.00 -1.921e-01 -7.345e-02  2.446e-01  2.973e-01
525.00 -1.522e-01 -2.149e-01  2.644e-01  1.375e-02
535.00  6.439e-02 -3.677e-02  5.820e-02 -1.007e-01
545.00  1.422e-01 -1.892e-02 -1.345e-01  4.385e-02
555.00  4.699e-03  2.295e-02 -1.529e-01 -1.717e-01
565.00  1.707e-01 -2.012e-02  2.979e-01 -1.368e-01
575.00  5.279e-02  1.532e-01 -1.052e-01  4.251e-02
585.00 -2.297e-02 -1.906e-01  1.547e-01 -5.838e-02
595.00 -5.918e-02 -2.578e-03 -2.970e-01 -3.931e-02
605.00  8.424e-02  8.302e-02  1.833e-01  1.079e-01
615.00 -2.926e-01  1.705e-02 -4.167e-02 -7.913e-03
625.00  2.682e-01 -2.204e-01  2.406e-01  2.426e-02
635.00  5.713e-02 -3.593e-02 -2.483e-01 -1.001e-02
645.00 -1.408e-01 -4.075e-02 -2.094e-01  1.927e-01
655.00  1.199e-01 -7.731e-02 -1.708e-01  2.625e-01
665.00 -7.618e-02 -1.007e-01 -6.557e-02 -2.363e-02
675.00 -6.674e-02  9.876e-03 -3.658e-01 -1.176e-01
685.00 -7.466e-02  1.949e-01  1.354e-01 -9.046e-04
695.00 -2.648e-01 -1.662e-01  9.558e-02  2.594e-01
705.00 -2.492e-01 -6.247e-02  1.581e-01 -2.288e-01
715.00 -2.487e-02 -1.800e-01  1.327e-01 -1.825e-01
725.00  1.287e-01  7.704e-02 -1.907e-01  9.480e-02
735.00  1.222e-01  1.405e-01 -1.205e-01 -3.186e-02
745.00 -8.333e-02  1.231e-01  5.724e-02  1.550e-01
755.00  3.784e-02  2.237e-02  1.842e-01 -7.407e-02
765.00  8.169e-02 -1.217e-01  2.140e-01  1.388e-01
775.00 -7.723e-03 -1.656e-01 -8.368e-02  1.639e-01
785.00 -4.071e-02  1.381e-01 -9.966e-02  1.239e-01
795.00  3.804e-02 -1.678e-01 -1.157e-01  1.820e-01
805.00 -1.042e-01  7.431e-02 -6.165e-02  5.119e-02
815.00 -3.569e-02  5.980e-03 -2.944e-01  1.655e-02
825.00 -1.874e-01 -1.012e-02 -2.597e-01 -1.114e-01
835.00  2.076e-01 -8.967e-02 -6.250e-02 -2.380e-01
845.00 -1.637e-01  3.614e-02  1.172e-01  1.921e-01
855.00  5.964e-02  8.061e-03 -2.312e-01  8.409e-02
865.00  1.397e-01 -3.315e-02 -2.004e-01  8.359e-02
875.00  1.944e-01 -6.240e-02 -2.669e-02  2.000e-01
885.00  1.894e-01 -7.657e-02 -7.581e-02 -1.464e-01
895.00 -1.167e-01  5.597e-02  6.457e-02  1.546e-02
905.00  1.224e-01  1.701e-01  9.588e-03 -3.071e-02
915.00 -2.552e-02 -1.335e-01 -1.800e-01  1.801e-01
925.00 -1.217e-01  1.671e-01 -2.451e-01 -3.335e-02
935.00  5.853e-02  3.005e-01  7.403e-02 -1.465e-01
945.00 -1.558e-01 -2.790e-03 -1.050e-01 -7.249e-02
955.00 -6.421e-02 -9.539e-02  1.085e-01 -2.081e-01
965.00 -6.836e-02 -6.741e-03 -9.129e-02  6.347e-02
975.00  2.490e-02 -2.426e-02  5.194e-02  1.136e-02
985.00  8.633e-02  2.474e-02  1.910e-01 -5.187e-03
995.00  1.288e-02  1.407e-02 -1.724e-01 -2.496e-01
1005.00  2.471e-01 -3.425e-02  1.408e-01  1.042e-01
1015.00 -1.546e-02  6.133e-02  2.415e-02  3.379e-02
1025.00  1.143e-01 -4.391e-02  8.977e-02  5.875e-02
1035.00 -1.893e-02 -3.226e-02  7.707e-02 -5.761e-03
1045.00 -3.615e-02  1.670e-01 -1.206e-01  6.675e-02
1055.00 -4.999e-02 -3.395e-02 -1.235e-01  1.109e-01
1065.00 -1.917e-01  1.406e-03 -7.743e-02  1.606e-02
1075.00 -6.475e-02 -3.635e-02 -2.497e-01 -1.097e-02
1085.00 -1.488e-01 -3.022e-02  1.497e-01  2.235e-01
1095.00 -6.929e-02 -1.204e-01  8.307e-02  2.423e-02
1105.00 -9.166e-02 -1.063e-01  1.317e-01 -2.876e-02
1115.00  4.048e-02  3.141e-03 -1.265e-01  6.919e-02
1125.00 -9.761e-02 -2.256e-02  2.636e-01  1.038e-01
1135.00 -1.551e-01  1.060e-01  1.214e-01 -1.263e-01
1145.00 -1.750e-01  6.726e-02  2.580e-01  1.404e-01
1155.00  4.464e-02  1.417e-01 -4.188e-02 -7.696e-04
1165.00 -1.111e-01  1.806e-01  1.076e-01 -9.941e-02
1175.00  9.291e-02 -4.288e-03  7.402e-03 -7.399e-02
1185.00  1.448e-01 -2.506e-02 -1.435e-01 -8.481e-03
1195.00 -1.329e-01 -3.688e-02 -2.946e-01 -6.341e-02
1205.00  7.522e-02 -1.791e-02 -9.165e-03 -5.974e-02
1215.00 -3.601e-02  3.057e-02 -8.639e-02 -1.196e-02
1225.00  1.855e-01 -1.398e-02 -4.290e-02 -3.934e-02
1235.00 -1.897e-02 -2.774e-02 -6.992e-03  4.063e-02
1245.00 -2.914e-01 -1.221e-01  3.819e-02 -6.382e-02
1255.00  4.524e-02 -5.383e-02 -2.583e-03  1.730e-02
1265.00 -3.607e-01 -8.563e-02  1.038e-01  7.385e-02
1275.00 -9.627e-02  2.449e-02 -6.718e-02 -1.513e-02
1285.00 -1.255e-01  1.183e-01  2.133e-02  2.544e-02
1295.00 -1.466e-01 -1.640e-01  7.924e-02  9.788e-03
1305.00  4.735e-02  2.273e-02 -5.850e-02 -2.438e-03
1315.00  7.413e-04 -3.106e-02 -7.885e-02 -3.778e-02
1325.00  6.495e-02 -3.824e-02 -1.641e-01  8.875e-02
1335.00 -6.635e-03  7.276e-02  9.402e-02  3.979e-02
1345.00 -9.156e-02  9.718e-02  4.136e-02 -4.522e-02
1355.00  3.359e-02  4.709e-02 -2.111e-02 -9.117e-03
1365.00 -1.118e-01 -1.418e-03  3.519e-02 -4.048e-02
1375.00  1.697e-01  9.173e-02 -2.186e-01 -3.478e-03
1385.00 -6.920e-02 -4.544e-02 -6.793e-02 -6.690e-02
1395.00 -2.855e-02  5.054e-02  4.203e-02  2.708e-02
1405.00  9.824e-02  5.034e-02 -1.009e-01  4.890e-03
1415.00 -8.321e-02  1.125e-01  7.680e-02  3.648e-02
1425.00 -1.895e-02 -5.782e-02  1.552e-02  1.184e-02
1435.00 -2.852e-01  1.047e-01  7.797e-02 -1.849e-03
1445.00 -1.180e-01 -2.838e-02  2.442e-03  1.271e-02
1455.00 -1.411e-01 -4.836e-02 -3.772e-02 -2.008e-02
1465.00  9.467e-04 -5.611e-02  1.232e-01 -5.669e-04
1475.00  2.646e-01  3.716e-02 -5.683e-02  2.521e-03
1485.00 -7.914e-02 -1.464e-02  2.954e-02  2.259e-02
1495.00  2.054e-02  2.562e-02 -5.538e-02  1.433e-03
1505.00 -1.059e-01  2.528e-02  3.757e-02 -1.197e-02
1515.00  2.671e-01  4.482e-02 -2.818e-02 -3.975e-03
1525.00  2.472e-01 -7.926e-02  1.633e-01  9.237e-03
1535.00  1.429e-02 -2.968e-02 -3.973e-02 -1.080e-02
1545.00 -5.271e-02  4.170e-02 -4.911e-02  1.288e-02
1555.00  1.296e-01  9.936e-02  8.137e-02  7.667e-03
1565.00  1.305e-01 -5.673e-02  7.879e-02 -8.118e-04
1575.00 -7.126e-02  2.346e-02 -2.313e-02 -3.734e-03
1585.00 -1.646e-01  6.143e-02  6.896e-02 -9.988e-04
1595.00 -6.773e-02  6.407e-03 -7.809e-02 -3.215e-03
1605.00  1.236e-01  1.192e-01  3.151e-02  8.923e-03
1615.00 -5.988e-02 -3.277e-02  6.065e-02  8.968e-03
1625.00  2.682e-02 -9.101e-04 -2.076e-02  1.445e-03
1635.00  9.729e-02  2.729e-02 -8.846e-02  6.704e-03
1645.00  2.486e-01  2.043e-02  3.218e-03 -3.690e-03
1655.00  4.016e-02 -3.385e-02 -2.753e-02  1.303e-03
1665.00  3.952e-03 -1.374e-02  5.006e-02  1.872e-03
1675.00  1.068e-01 -1.487e-02  7.686e-03 -1.012e-03
1685.00 -1.757e-01  1.827e-03  1.805e-02 -3.436e-05
1695.00 -6.778e-02 -5.887e-02  6.502e-02 -4.413e-04
1705.00 -1.171e-01 -2.742e-02  4.705e-02  0.000e+00
1715.00  4.706e-02 -2.421e-02  6.103e-02  0.000e+00
1725.00  1.617e-02  2.640e-02 -8.640e-02  0.000e+00
1735.00 -5.557e-02  4.047e-02  7.082e-03  0.000e+00
1745.00 -1.979e-01 -3.587e-02 -3.025e-02  0.000e+00
1755.00  1.436e-01 -1.383e-02 -3.312e-02  0.000e+00
1765.00  2.392e-02  1.522e-02  2.453e-02  0.000e+00
1775.00  1.205e-01 -3.053e-02 -2.525e-02  0.000e+00
1785.00 -1.043e-01  2.812e-03  2.655e-02  0.000e+00
1795.00 -2.818e-02 -7.769e-03 -2.683e-02  0.000e+00
1805.00  2.455e-01 -7.876e-03 -4.434e-02  0.000e+00
1815.00 -7.698e-02  1.145e-02  2.714e-02  0.000e+00
1825.00  6.282e-02  6.056e-02  5.591e-03  0.000e+00
1835.00 -1.193e-01 -1.318e-02  2.798e-02  0.000e+00
1845.00  1.317e-01  1.217e-02  1.107e-01  0.000e+00
1855.00  7.755e-02 -1.085e-02 -4.897e-02  0.000e+00
1865.00 -5.583e-02 -2.120e-02  2.652e-03  0.000e+00
1875.00  8.842e-03  2.738e-02  6.961e-04  0.000e+00
1885.00  4.659e-02 -1.299e-02  1.796e-02  0.000e+00
1895.00  1.130e-01  3.911e-03  1.119e-02  0.000e+00
1905.00  4.090e-02 -3.736e-03  4.786e-02  0.000e+00
1915.00 -1.947e-02  5.952e-03 -1.897e-02  0.000e+00
1925.00  6.881e-03  1.147e-02 -1.092e-02  0.000e+00
1935.00  6.659e-03 -8.773e-03  1.694e-02  0.000e+00
1945.00  8.526e-02  2.196e-02 -1.165e-02  0.000e+00
1955.00  2.432e-02  2.279e-03  1.416e-02  0.000e+00
1965.00  3.853e-02 -1.310e-02  5.085e-02  0.000e+00
1975.00  8.211e-02 -4.451e-03  1.633e-02  0.000e+00
1985.00 -7.779e-02  4.660e-03  2.721e-02  0.000e+00
1995.00  6.236e-02 -1.153e-02 -2.325e-02  0.000e+00
2005.00 -2.270e-02  1.140e-02 -6.110e-04  0.000e+00
2015.00  7.714e-02  9.747e-03  1.788e-02  0.000e+00
2025.00  1.822e-02  3.567e-03  1.323e-02  0.000e+00
2035.00 -1.897e-02 -3.476e-03  2.758e-02  0.000e+00
2045.00  5.979e-02  9.036e-03 -5.584e-04  0.000e+00
2055.00 -4.726e-02 -1.906e-02  1.582e-02  0.000e+00
2065.00 -5.475e-02 -2.398e-02 -3.141e-02  0.000e+00
2075.00 -1.757e-02 -8.435e-03 -1.513e-03  0.000e+00
2085.00  5.831e-02  2.197e-03  1.419e-02  0.000e+00
2095.00  1.122e-01 -3.254e-03  1.285e-02  0.000e+00
2105.00 -2.026e-02  3.961e-03 -1.190e-03  0.000e+00
2115.00  6.689e-02  1.656e-02 -1.161e-02  0.000e+00
2125.00  1.293e-01  5.863e-03 -7.105e-03  0.000e+00
2135.00 -7.169e-04 -4.696e-03  1.109e-02  0.000e+00
2145.00 -6.999e-02 -1.599e-02 -8.135e-04  0.000e+00
2155.00  1.020e-01 -1.464e-02  9.017e-03  0.000e+00
2165.00  6.469e-03 -7.907e-03  2.799e-02  0.000e+00
2175.00  2.666e-02  6.641e-04 -1.339e-03  0.000e+00
2185.00 -5.039e-02  6.304e-03 -1.113e-02  0.000e+00
2195.00 -8.438e-03  7.840e-03 -8.423e-03  0.000e+00
2205.00 -3.358e-02  6.998e-04 -2.318e-03  0.000e+00
2215.00 -3.411e-02 -1.538e-03 -7.211e-03  0.000e+00
2225.00  8.075e-03 -5.213e-03 -3.877e-03  0.000e+00
2235.00 -6.739e-02 -1.678e-03  8.184e-03  0.000e+00
2245.00  1.292e-02  1.028e-02 -1.913e-02  0.000e+00
2255.00  1.007e-01 -4.378e-03 -1.550e-02  0.000e+00
2265.00  2.726e-02 -9.331e-04 -4.797e-03  0.000e+00
2275.00 -1.213e-03  2.834e-03  1.047e-03  0.000e+00
2285.00 -9.970e-03  4.217e-04 -1.993e-02  0.000e+00
2295.00  9.703e-03 -1.031e-03 -3.098e-03  0.000e+00
2305.00  2.803e-02  3.177e-03 -2.144e-03  0.000e+00
2315.00 -6.608e-03  7.886e-05 -1.782e-03  0.000e+00
2325.00 -2.112e-02 -2.547e-03  1.198e-02  0.000e+00
2335.00  3.884e-02 -3.088e-03  8.318e-03  0.000e+00
2345.00  1.592e-02 -4.386e-05 -6.696e-03  0.000e+00
2355.00 -2.263e-02  2.112e-03  1.506e-02  0.000e+00
2365.00  2.307e-05 -4.785e-04  7.788e-03  0.000e+00
2375.00 -1.900e-02 -1.097e-03  2.224e-03  0.000e+00
2385.00  4.824e-03 -1.887e-04  9.933e-03  0.000e+00
2395.00 -1.224e-02 -1.825e-03  5.046e-04  0.000e+00
2405.00 -3.336e-02  1.667e-04 -2.321e-03  0.000e+00
2415.00  8.111e-03 -1.952e-04  4.807e-04  0.000e+00
2425.00 -1.680e-02 -6.837e-04  2.966e-03  0.000e+00
2435.00 -5.303e-03 -9.439e-04  1.306e-03  0.000e+00
2445.00 -1.071e-02  1.050e-05 -2.218e-03  0.000e+00
2455.00 -1.043e-02  4.656e-04 -1.842e-03  0.000e+00
2465.00 -8.644e-03 -2.232e-04  1.434e-03  0.000e+00
2475.00 -4.334e-03  0.000e+00  3.424e-03  0.000e+00
2485.00 -6.280e-03  0.000e+00 -1.421e-03  0.000e+00
2495.00  2.392e-02  0.000e+00 -4.214e-06  0.000e+00
2505.00  2.137e-02  0.000e+00  0.000e+00  0.000e+00
2515.00 -1.791e-02  0.000e+00  0.000e+00  0.000e+00
2525.00  2.543e-02  0.000e+00  0.000e+00  0.000e+00
2535.00  3.666e-04  0.000e+00  0.000e+00  0.000e+00
2545.00 -1.569e-02  0.000e+00  0.000e+00  0.000e+00
2555.00 -8.278e-03  0.000e+00  0.000e+00  0.000e+00
2565.00 -1.076e-02  0.000e+00  0.000e+00  0.000e+00
2575.00  1.054e-02  0.000e+00  0.000e+00  0.000e+00
2585.00 -5.913e-03  0.000e+00  0.000e+00  0.000e+00
2595.00 -3.065e-03  0.000e+00  0.000e+00  0.000e+00
2605.00 -1.658e-02  0.000e+00  0.000e+00  0.000e+00
2615.00 -5.820e-03  0.000e+00  0.000e+00  0.000e+00
2625.00 -9.215e-03  0.000e+00  0.000e+00  0.000e+00
2635.00  2.399e-03  0.000e+00  0.000e+00  0.000e+00
2645.00  3.330e-03  0.000e+00  0.000e+00  0.000e+00
2655.00  3.113e-03  0.000e+00  0.000e+00  0.000e+00
2665.00 -2.058e-02  0.000e+00  0.000e+00  0.000e+00
2675.00  3.773e-03  0.000e+00  0.000e+00  0.000e+00
2685.00  2.703e-03  0.000e+00  0.000e+00  0.000e+00
2695.00 -1.695e-02  0.000e+00  0.000e+00  0.000e+00
2705.00  2.766e-03  0.000e+00  0.000e+00  0.000e+00
2715.00  5.764e-03  0.000e+00  0.000e+00  0.000e+00
2725.00  2.808e-03  0.000e+00  0.000e+00  0.000e+00
2735.00  3.753e-03  0.000e+00  0.000e+00  0.000e+00
2745.00 -1.951e-03  0.000e+00  0.000e+00  0.000e+00
2755.00 -1.131e-04  0.000e+00  0.000e+00  0.000e+00
2765.00 -4.111e-03  0.000e+00  0.000e+00  0.000e+00
2775.00  2.661e-03  0.000e+00  0.000e+00  0.000e+00
2785.00  3.402e-03  0.000e+00  0.000e+00  0.000e+00
2795.00 -6.147e-03  0.000e+00  0.000e+00  0.000e+00
2805.00  6.911e-03  0.000e+00  0.000e+00  0.000e+00
2815.00  1.027e-03  0.000e+00  0.000e+00  0.000e+00
2825.00  6.348e-04  0.000e+00  0.000e+00  0.000e+00
2835.00  1.033e-03  0.000e+00  0.000e+00  0.000e+00
2845.00  1.987e-03  0.000e+00  0.000e+00  0.000e+00
2855.00  6.519e-03  0.000e+00  0.000e+00  0.000e+00
2865.00 -5.243e-05  0.000e+00  0.000e+00  0.000e+00
2875.00 -1.085e-03  0.000e+00  0.000e+00  0.000e+00
2885.00 -3.214e-06  0.000e+00  0.000e+00  0.000e+00
2895.00  1.869e-03  0.000e+00  0.000e+00  0.000e+00
2905.00  9.874e-04  0.000e+00  0.000e+00  0.000e+00
2915.00  5.049e-04  0.000e+00  0.000e+00  0.000e+00
2925.00  8.693e-04  0.000e+00  0.000e+00  0.000e+00
2935.00  4.712e-04  0.000e+00  0.000e+00  0.000e+00
2945.00  1.171e-05  0.000e+00  0.000e+00  0.000e+00
2955.00 -2.340e-03  0.000e+00  0.000e+00  0.000e+00
2965.00 -2.307e-04  0.000e+00  0.000e+00  0.000e+00
2975.00  1.336e-05  0.000e+00  0.000e+00  0.000e+00
2985.00  0.000e+00  0.000e+00  0.000e+00  0.000e+00
2995.00  0.000e+00  0.000e+00  0.000e+00  0.000e+00
