 5.00  3.386e-04 -1.616e-01 -2.082e-01 -2.398e-01
15.00 -1.762e-03 -3.595e-01 -2.849e-01 -1.959e-01
25.00 -4.379e-03 -2.778e-01 -2.774e-01 -2.088e-01
35.00 -7.409e-03 -1.930e-01 -2.793e-01 -3.270e-01
45.00 -8.329e-03 -3.577e-01 -2.454e-01 -2.821e-01
55.00 -1.419e-02 -3.214e-01 -2.080e-01 -2.390e-01
65.00 -2.993e-02 -2.831e-01 -2.274e-01 -1.720e-01
75.00 -2.956e-02 -4.250e-01 -1.575e-01 -2.808e-01
85.00 -3.654e-02 -2.824e-01 -2.024e-01 -1.754e-01
95.00 -2.694e-02 -2.762e-01 -1.484e-01 -7.369e-02
105.00 -5.962e-02 -2.092e-01 -2.533e-01 -2.186e-01
115.00 -6.838e-02 -1.889e-01 -1.685e-01 -1.303e-01
125.00 -8.870e-02 -2.803e-01 -2.126e-01 -1.682e-01
135.00 -7.040e-02 -9.907e-02 -1.826e-01 -8.208e-02
145.00 -8.745e-02 -3.140e-01 -1.744e-01 -2.330e-01
155.00 -7.862e-02 -2.271e-01 -1.270e-01 -1.990e-01
165.00 -1.034e-01 -9.715e-02 -1.254e-01 -1.882e-01
175.00 -1.153e-01 -8.025e-02 -1.782e-01 -2.226e-01
185.00 -1.295e-01 -2.263e-01 -1.858e-01 -2.288e-01
195.00 -1.022e-01 -1.391e-01 -1.314e-01 -9.412e-02
205.00 -1.729e-01 -1.635e-01 -1.393e-01 -7.684e-02
215.00 -1.370e-01 -3.156e-03 -1.266e-01 -1.089e-01
225.00 -1.489e-01 -1.975e-01 -1.540e-01 -2.113e-01
235.00 -1.347e-01 -5.097e-02 -9.739e-02 -1.178e-01
245.00 -1.716e-01 -1.934e-01 -8.316e-02 -1.682e-01
255.00 -1.209e-01 -8.004e-02 -1.854e-01 -9.512e-02
265.00 -1.888e-01 -1.264e-01 -1.165e-01 -1.250e-01
275.00 -1.755e-01 -1.206e-01 -1.200e-01 -9.602e-02
285.00 -1.836e-01 -1.360e-01 -9.054e-02 -2.680e-02
295.00 -1.585e-01 -8.202e-02 -7.458e-02 -3.639e-03
305.00 -1.116e-01 -6.926e-02 -1.338e-01 -1.437e-01
315.00 -1.530e-01 -1.551e-01 -9.478e-02 -6.644e-02
325.00 -1.873e-01 -2.056e-02 -6.625e-02 -1.501e-01
335.00 -1.419e-01 -1.001e-01 -2.016e-01 -1.142e-01
345.00 -1.545e-01 -1.126e-01 -1.188e-01 -1.691e-02
355.00 -1.653e-01  2.299e-02 -1.621e-01 -9.197e-02
365.00 -1.248e-01  1.598e-02 -3.405e-02 -4.002e-02
375.00 -1.148e-01  5.320e-02 -3.174e-02 -3.709e-02
385.00 -9.343e-02 -7.639e-02 -1.432e-01 -1.217e-01
395.00 -1.422e-01 -5.330e-02 -3.586e-02 -4.552e-02
405.00 -8.780e-02 -1.791e-02 -1.034e-01 -8.603e-02
415.00 -1.580e-01  1.222e-02 -2.387e-02  1.582e-02
425.00 -1.142e-01 -3.265e-03  5.972e-03  4.005e-02
435.00 -1.749e-01 -2.251e-02 -2.241e-02 -2.130e-02
445.00 -1.472e-01 -8.971e-02 -2.093e-02 -9.520e-02
455.00 -1.409e-01  3.213e-02 -6.888e-02  9.571e-04
465.00 -1.333e-01 -2.011e-02 -2.354e-02 -1.591e-01
475.00 -9.302e-02 -1.185e-01 -1.004e-02 -1.466e-01
485.00 -1.541e-01 -3.225e-02 -1.168e-01 -1.299e-02
495.00 -1.019e-01 -3.546e-02 -4.104e-02 -6.900e-03
505.00 -9.076e-02 -9.857e-02 -9.745e-02 -7.257e-02
515.00 -4.062e-02  2.287e-03 -7.223e-02 -8.222e-02
525.00 -6.956e-02  4.852e-02 -1.514e-02 -6.846e-02
535.00 -9.494e-02 -1.329e-03 -8.667e-02 -1.394e-01
545.00 -8.092e-02 -4.294e-02  6.454e-02 -3.136e-02
555.00 -3.239e-02  9.729e-03 -9.597e-02 -2.248e-02
565.00 -3.421e-02 -7.699e-02 -8.376e-02 -1.301e-01
575.00 -5.731e-02  1.470e-02 -1.788e-03 -9.336e-02
585.00 -6.423e-02  1.803e-02  4.101e-02 -6.610e-02
595.00 -1.513e-01  4.719e-02 -2.990e-02 -8.085e-03
605.00 -2.019e-02 -9.537e-03  1.199e-02  6.449e-02
615.00 -5.658e-02  3.791e-02 -4.526e-02 -3.953e-02
625.00 -1.760e-02 -6.747e-02 -7.151e-02  2.569e-02
635.00 -1.282e-02 -3.581e-02 -4.954e-02  5.710e-02
645.00 -5.089e-02  2.645e-02 -4.471e-02 -1.753e-02
655.00 -2.275e-02 -1.615e-02  3.636e-02 -1.378e-02
665.00 -5.779e-02 -4.710e-02  8.554e-02 -8.440e-02
675.00 -6.890e-02  2.428e-02  1.728e-03 -3.251e-02
685.00  4.090e-03  7.534e-03  7.792e-02 -5.920e-02
695.00 -9.251e-03  2.541e-03 -8.392e-03  8.322e-02
705.00  4.538e-02  3.296e-02  3.975e-02 -5.722e-02
715.00 -2.828e-02  6.244e-03 -3.303e-02 -3.635e-02
725.00  4.016e-02  4.245e-02 -2.479e-02  2.255e-02
735.00  1.612e-02 -3.880e-02  5.819e-02  2.240e-02
745.00 -2.741e-02  4.854e-04 -1.105e-02  3.190e-03
755.00  1.469e-02  1.852e-02  3.094e-02 -5.768e-03
765.00 -1.854e-03  5.644e-03 -3.608e-02  6.631e-02
775.00  3.534e-02  1.408e-02 -5.426e-02 -1.475e-02
785.00  2.134e-02 -2.592e-02  4.581e-02  9.315e-02
795.00 -1.187e-01 -4.220e-02 -1.456e-02  6.005e-02
805.00  2.537e-02 -1.692e-02 -1.379e-02 -4.923e-03
815.00 -9.406e-02  4.742e-02 -2.821e-02 -1.460e-01
825.00  3.622e-02  4.124e-02  5.430e-02 -3.746e-02
835.00 -1.704e-04  1.043e-02  5.414e-02  4.643e-02
845.00 -7.818e-02 -2.055e-02 -3.032e-02 -3.421e-02
855.00  7.692e-02  1.098e-02 -3.075e-03  5.717e-02
865.00 -5.392e-02 -1.351e-02  4.612e-02  3.310e-02
875.00 -4.129e-02 -2.480e-03 -9.750e-03 -1.589e-02
885.00 -2.224e-03 -9.151e-03 -5.174e-02  1.893e-02
895.00  6.906e-02  5.591e-02  3.020e-02 -1.381e-02
905.00  5.940e-03  4.234e-03  4.491e-03  2.637e-03
915.00 -2.214e-02  4.613e-02  3.560e-02 -1.599e-02
925.00 -1.317e-02  1.326e-02  1.937e-02 -6.963e-02
935.00 -9.784e-02  7.604e-03  4.742e-02 -3.770e-02
945.00 -8.497e-02 -6.947e-03  6.237e-02  5.418e-02
955.00 -3.149e-02 -3.381e-02 -1.071e-02 -4.513e-02
965.00 -3.964e-02  9.845e-03 -6.739e-02 -4.089e-02
975.00  2.506e-03  2.393e-02 -2.625e-02 -4.424e-02
985.00 -4.384e-02  3.085e-02 -1.463e-02  4.420e-02
995.00  1.397e-02 -1.443e-02 -1.320e-02 -4.891e-02
1005.00 -1.694e-02 -1.750e-02 -1.676e-02 -2.669e-02
1015.00 -3.604e-02  3.708e-02  1.971e-02  4.950e-02
1025.00 -1.810e-02 -7.460e-02 -7.487e-02 -1.638e-02
1035.00 -1.452e-02  4.624e-02 -2.243e-02  1.940e-02
1045.00  2.622e-02  3.403e-02 -1.997e-02  3.468e-02
1055.00 -9.683e-02 -6.604e-02  2.307e-02  3.903e-03
1065.00 -2.212e-02 -1.278e-02 -9.359e-02  4.567e-02
1075.00  1.987e-02  2.395e-02 -4.310e-02 -1.472e-02
1085.00  1.047e-02 -4.204e-02 -6.561e-03 -3.727e-02
1095.00 -4.343e-02  8.002e-03  1.490e-04  1.346e-02
1105.00 -5.870e-02 -4.507e-02  4.375e-02  1.721e-02
1115.00 -3.756e-02 -2.308e-02 -3.945e-02 -4.959e-02
1125.00  3.017e-02 -6.452e-03 -1.133e-02  3.718e-04
1135.00 -5.673e-03 -3.467e-02  1.144e-02  2.571e-02
1145.00  1.700e-02 -6.740e-03  1.684e-02 -9.574e-03
1155.00 -7.429e-03 -1.145e-02  5.284e-02  2.091e-02
1165.00  2.320e-02 -5.585e-03 -4.831e-02 -1.599e-02
1175.00 -2.717e-02 -3.313e-02  2.102e-02 -5.604e-03
1185.00 -7.197e-02 -2.281e-02  4.054e-03 -1.048e-02
1195.00  3.569e-02 -4.398e-02  7.949e-03  3.254e-03
1205.00  9.014e-02  1.653e-02  4.408e-02 -7.576e-03
1215.00  1.712e-02  1.826e-03  2.786e-02  1.169e-03
1225.00  4.305e-02 -9.595e-03 -1.412e-02  3.373e-03
1235.00  1.307e-01  1.218e-02  1.596e-02  5.823e-03
1245.00 -6.123e-02  7.228e-03 -6.065e-02  9.767e-03
1255.00  3.876e-02  1.804e-02  3.978e-03  1.863e-02
1265.00 -2.628e-02  2.822e-02  1.763e-02 -3.189e-03
1275.00 -3.981e-02 -2.390e-02  2.136e-02  1.488e-02
1285.00 -1.126e-01 -3.501e-02  5.409e-02 -2.541e-03
1295.00 -9.210e-03 -2.599e-02 -5.124e-02 -9.812e-03
1305.00  6.331e-02 -3.573e-02 -1.195e-02  3.013e-02
1315.00  4.263e-02 -1.107e-03 -2.344e-02 -9.172e-03
1325.00  3.659e-02  1.140e-02  4.865e-02 -8.182e-03
1335.00 -2.413e-02  1.435e-02 -2.644e-02 -1.990e-02
1345.00 -6.601e-02 -2.124e-02 -2.874e-02 -9.991e-03
1355.00  4.967e-02  2.139e-03 -3.198e-02  6.544e-03
1365.00 -1.562e-02 -4.791e-02  2.640e-03  1.363e-02
1375.00  4.995e-04  1.973e-02  3.530e-02 -5.803e-03
1385.00  4.087e-02  1.614e-02  7.583e-03 -3.332e-03
1395.00  5.579e-02 -2.674e-02  2.673e-02  7.959e-03
1405.00  2.697e-02  4.642e-02  2.906e-02 -1.222e-02
1415.00 -4.266e-02 -2.342e-03 -1.528e-02  1.567e-02
1425.00 -6.883e-02 -1.697e-02 -4.222e-03 -9.748e-03
1435.00  6.329e-02 -6.791e-03  3.434e-02 -3.673e-03
1445.00  5.063e-02 -1.056e-02 -2.492e-02  1.594e-03
1455.00  3.994e-02 -2.230e-02 -4.823e-03  1.883e-03
1465.00  5.780e-04 -8.975e-03  2.004e-02  3.091e-03
1475.00  2.647e-02  8.520e-03 -6.102e-02 -8.104e-04
1485.00 -4.954e-02 -2.495e-02 -3.708e-02  2.317e-03
1495.00 -5.595e-02  5.326e-03  4.502e-02 -2.158e-03
1505.00 -1.157e-02 -1.944e-03 -1.910e-02  1.498e-02
1515.00 -5.464e-02 -2.958e-02 -6.337e-03  6.169e-03
1525.00 -4.782e-02  7.802e-03  3.118e-02 -4.547e-03
1535.00  1.122e-02  4.575e-04  4.629e-03  4.464e-03
1545.00 -1.878e-02  1.118e-03  1.668e-02  7.161e-04
1555.00 -4.380e-02 -5.056e-03  1.548e-03 -2.581e-03
1565.00 -2.784e-03  5.856e-03 -8.663e-03 -2.225e-03
1575.00 -1.170e-02 -7.860e-03 -9.371e-03  2.418e-03
1585.00  6.918e-03  3.118e-02  2.254e-02 -2.905e-03
1595.00  2.359e-02 -1.060e-02 -7.932e-03  1.370e-03
1605.00 -6.439e-02  1.376e-02 -2.703e-02 -1.233e-03
1615.00 -3.870e-02 -6.222e-03 -3.397e-02  7.822e-04
1625.00  9.882e-03  2.346e-02 -1.087e-03  1.528e-03
1635.00  9.960e-03 -1.075e-02 -2.100e-02 -1.637e-03
1645.00 -4.203e-02  1.143e-02 -8.608e-03 -1.002e-03
1655.00 -1.254e-02 -6.953e-03 -2.965e-02  4.397e-04
1665.00 -4.881e-02 -4.656e-03  1.598e-02  5.283e-04
1675.00 -2.663e-03 -1.377e-02  1.652e-02  4.675e-05
1685.00  3.359e-03  2.697e-03  1.690e-03 -1.064e-04
1695.00 -5.713e-02  9.999e-03  6.763e-03  5.642e-05
1705.00  2.668e-03  6.619e-04  3.208e-02  0.000e+00
1715.00  2.677e-02 -3.591e-03  1.076e-03  0.000e+00
1725.00  1.230e-02  7.706e-03  1.040e-02  0.000e+00
1735.00  1.174e-02 -9.989e-03 -3.094e-02  0.000e+00
1745.00 -2.535e-02 -1.961e-02  1.596e-02  0.000e+00
1755.00  6.871e-02  4.033e-03  1.456e-02  0.000e+00
1765.00 -2.687e-02 -1.648e-02 -1.395e-02  0.000e+00
1775.00  9.758e-03  7.733e-03  9.636e-03  0.000e+00
1785.00  1.472e-03  1.178e-02 -1.784e-02  0.000e+00
1795.00 -1.152e-02 -1.641e-03 -1.654e-02  0.000e+00
1805.00 -3.810e-02  1.309e-02  1.006e-02  0.000e+00
1815.00 -4.582e-02  6.704e-03 -4.978e-04  0.000e+00
1825.00 -4.801e-04  3.302e-03  2.745e-02  0.000e+00
1835.00 -5.934e-03 -8.993e-04 -1.063e-02  0.000e+00
1845.00  1.431e-02 -7.300e-04 -3.204e-03  0.000e+00
1855.00  2.753e-02 -2.709e-04  1.230e-02  0.000e+00
1865.00 -3.737e-03 -2.275e-03  4.394e-03  0.000e+00
1875.00  3.744e-02  5.336e-03  1.897e-03  0.000e+00
1885.00 -4.180e-03  5.422e-03  7.683e-03  0.000e+00
1895.00 -8.251e-03  6.158e-03 -2.774e-02  0.000e+00
1905.00 -3.589e-03 -7.407e-03  6.188e-04  0.000e+00
1915.00 -2.300e-03 -5.564e-03 -1.914e-02  0.000e+00
1925.00  2.178e-02  3.168e-03  1.926e-02  0.000e+00
1935.00  4.273e-03 -1.848e-03 -1.796e-03  0.000e+00
1945.00  2.930e-03 -7.290e-03  9.958e-04  0.000e+00
1955.00 -2.714e-02  5.539e-04  1.151e-02  0.000e+00
1965.00  3.965e-03  1.668e-03  1.116e-02  0.000e+00
1975.00 -1.423e-02 -4.579e-05  5.273e-03  0.000e+00
1985.00  2.069e-02  9.959e-03  1.416e-03  0.000e+00
1995.00  2.139e-02 -1.922e-03 -1.314e-02  0.000e+00
2005.00 -1.911e-02 -2.566e-03  8.649e-03  0.000e+00
2015.00 -5.424e-03  1.006e-03  1.093e-02  0.000e+00
2025.00  2.085e-02  8.529e-04 -3.511e-03  0.000e+00
2035.00 -2.700e-02  3.574e-03 -2.010e-02  0.000e+00
2045.00 -2.104e-03  4.183e-03 -8.108e-03  0.000e+00
2055.00  2.674e-03 -1.649e-03  7.432e-03  0.000e+00
2065.00  5.495e-03  5.332e-03  1.296e-03  0.000e+00
2075.00  1.815e-02 -4.831e-03  1.872e-04  0.000e+00
2085.00  1.707e-02 -3.680e-04  4.428e-04  0.000e+00
2095.00  2.693e-02  5.107e-04  3.106e-03  0.000e+00
2105.00  1.129e-02  3.164e-03 -1.569e-03  0.000e+00
2115.00 -3.251e-02  1.475e-03 -1.036e-02  0.000e+00
2125.00  3.118e-02  3.514e-03 -1.689e-03  0.000e+00
2135.00  1.674e-02  4.768e-04 -1.613e-03  0.000e+00
2145.00 -1.706e-04  3.688e-03  1.356e-03  0.000e+00
2155.00 -2.093e-02 -1.395e-03 -1.571e-03  0.000e+00
2165.00  1.442e-03  3.000e-03  2.612e-03  0.000e+00
2175.00 -2.379e-02  1.158e-03 -4.341e-03  0.000e+00
2185.00 -1.117e-02 -5.630e-04 -7.563e-04  0.000e+00
2195.00  1.004e-02  2.507e-03 -6.182e-04  0.000e+00
2205.00  8.620e-03 -1.443e-03 -6.578e-03  0.000e+00
2215.00 -3.269e-03 -3.793e-04 -7.358e-04  0.000e+00
2225.00 -1.756e-02 -2.268e-04  3.109e-03  0.000e+00
2235.00  7.396e-03 -2.335e-03  8.103e-04  0.000e+00
2245.00  1.697e-02 -9.117e-04  4.858e-04  0.000e+00
2255.00 -1.022e-03 -7.148e-05 -8.918e-04  0.000e+00
2265.00  6.891e-03  1.223e-03 -8.907e-03  0.000e+00
2275.00  3.485e-03  4.392e-04 -5.456e-03  0.000e+00
2285.00 -1.465e-03  1.055e-03  4.519e-03  0.000e+00
2295.00 -9.667e-04  4.824e-04  2.447e-03  0.000e+00
2305.00  8.251e-03  1.570e-03  2.730e-03  0.000e+00
2315.00  6.776e-03  4.529e-04  3.143e-03  0.000e+00
2325.00 -1.223e-02  8.130e-04  6.743e-05  0.000e+00
2335.00  1.289e-02  6.980e-04  4.631e-03  0.000e+00
2345.00 -4.613e-05 -5.549e-05  1.779e-03  0.000e+00
2355.00 -4.816e-03  3.605e-04  3.429e-03  0.000e+00
2365.00  7.906e-03 -3.954e-04  4.987e-04  0.000e+00
2375.00 -5.843e-03 -5.840e-04  2.453e-03  0.000e+00
2385.00  9.086e-03 -9.989e-04  1.565e-03  0.000e+00
2395.00 -1.033e-02 -3.036e-04  8.564e-04  0.000e+00
2405.00  9.453e-04  2.179e-04 -3.904e-03  0.000e+00
2415.00 -5.279e-03  1.950e-04  6.452e-05  0.000e+00
2425.00  3.175e-03  4.432e-04  5.607e-04  0.000e+00
2435.00 -1.256e-02 -2.497e-04  1.389e-03  0.000e+00
2445.00 -7.722e-03  1.394e-04  5.465e-04  0.000e+00
2455.00 -7.263e-03  2.761e-04  2.576e-05  0.000e+00
2465.00 -2.094e-04 -1.674e-04 -6.578e-04  0.000e+00
2475.00  3.168e-04 -2.645e-05  4.455e-04  0.000e+00
2485.00  4.414e-03 -2.815e-05  2.471e-04  0.000e+00
2495.00  2.943e-03  0.000e+00 -2.596e-05  0.000e+00
2505.00 -3.577e-03  0.000e+00  0.000e+00  0.000e+00
2515.00 -1.410e-03  0.000e+00  0.000e+00  0.000e+00
2525.00  3.723e-03  0.000e+00  0.000e+00  0.000e+00
2535.00  5.175e-03  0.000e+00  0.000e+00  0.000e+00
2545.00  1.520e-03  0.000e+00  0.000e+00  0.000e+00
2555.00 -3.851e-03  0.000e+00  0.000e+00  0.000e+00
2565.00  7.160e-03  0.000e+00  0.000e+00  0.000e+00
2575.00  6.928e-03  0.000e+00  0.000e+00  0.000e+00
2585.00  2.566e-03  0.000e+00  0.000e+00  0.000e+00
2595.00 -1.512e-03  0.000e+00  0.000e+00  0.000e+00
2605.00  4.513e-03  0.000e+00  0.000e+00  0.000e+00
2615.00  4.407e-04  0.000e+00  0.000e+00  0.000e+00
2625.00 -9.255e-04  0.000e+00  0.000e+00  0.000e+00
2635.00 -4.443e-04  0.000e+00  0.000e+00  0.000e+00
2645.00 -2.775e-03  0.000e+00  0.000e+00  0.000e+00
2655.00  4.661e-03  0.000e+00  0.000e+00  0.000e+00
2665.00  1.690e-03  0.000e+00  0.000e+00  0.000e+00
2675.00 -2.113e-03  0.000e+00  0.000e+00  0.000e+00
2685.00 -5.662e-04  0.000e+00  0.000e+00  0.000e+00
2695.00  1.805e-03  0.000e+00  0.000e+00  0.000e+00
2705.00  1.173e-03  0.000e+00  0.000e+00  0.000e+00
2715.00 -1.093e-03  0.000e+00  0.000e+00  0.000e+00
2725.00 -1.109e-04  0.000e+00  0.000e+00  0.000e+00
2735.00 -3.044e-04  0.000e+00  0.000e+00  0.000e+00
2745.00 -9.457e-04  0.000e+00  0.000e+00  0.000e+00
2755.00 -5.925e-04  0.000e+00  0.000e+00  0.000e+00
2765.00 -3.214e-04  0.000e+00  0.000e+00  0.000e+00
2775.00 -2.968e-04  0.000e+00  0.000e+00  0.000e+00
2785.00  2.210e-03  0.000e+00  0.000e+00  0.000e+00
2795.00  1.379e-03  0.000e+00  0.000e+00  0.000e+00
2805.00 -2.143e-03  0.000e+00  0.000e+00  0.000e+00
2815.00 -4.901e-04  0.000e+00  0.000e+00  0.000e+00
2825.00  1.019e-03  0.000e+00  0.000e+00  0.000e+00
2835.00  8.066e-04  0.000e+00  0.000e+00  0.000e+00
2845.00  1.141e-03  0.000e+00  0.000e+00  0.000e+00
2855.00  8.567e-04  0.000e+00  0.000e+00  0.000e+00
2865.00  9.265e-04  0.000e+00  0.000e+00  0.000e+00
2875.00 -4.390e-05  0.000e+00  0.000e+00  0.000e+00
2885.00  1.003e-03  0.000e+00  0.000e+00  0.000e+00
2895.00 -1.195e-03  0.000e+00  0.000e+00  0.000e+00
2905.00 -6.777e-04  0.000e+00  0.000e+00  0.000e+00
2915.00 -3.125e-05  0.000e+00  0.000e+00  0.000e+00
2925.00  6.048e-05  0.000e+00  0.000e+00  0.000e+00
2935.00  4.197e-04  0.000e+00  0.000e+00  0.000e+00
2945.00 -3.946e-04  0.000e+00  0.000e+00  0.000e+00
2955.00  1.936e-04  0.000e+00  0.000e+00  0.000e+00
2965.00  1.439e-04  0.000e+00  0.000e+00  0.000e+00
2975.00  1.680e-04  0.000e+00  0.000e+00  0.000e+00
2985.00 -1.130e-04  0.000e+00  0.000e+00  0.000e+00
2995.00 -2.810e-05  0.000e+00  0.000e+00  0.000e+00
