 5.00  8.702e-04 -2.978e-01 -2.069e-01 -1.659e-01
15.00  6.019e-04 -1.900e-01 -1.341e-01 -1.481e-01
25.00 -3.659e-03 -3.506e-01 -8.600e-02 -1.654e-01
35.00 -8.684e-03 -3.042e-01 -2.021e-01 -2.159e-01
45.00 -8.979e-03 -1.938e-01 -1.932e-01 -1.272e-01
55.00 -9.928e-03 -2.122e-01 -1.025e-01 -2.465e-01
65.00 -3.196e-02 -2.761e-01 -1.409e-01 -1.666e-01
75.00 -4.243e-02 -6.969e-02 -1.985e-01 -1.836e-01
85.00 -3.005e-02 -2.329e-01 -1.436e-01 -1.864e-01
95.00 -4.961e-02 -3.120e-01 -1.062e-01 -1.055e-01
105.00 -4.244e-02 -1.837e-01 -1.340e-01 -1.775e-01
115.00 -3.929e-02 -1.215e-01 -1.667e-01 -1.432e-01
125.00 -4.586e-02 -1.595e-01 -1.306e-01 -1.922e-01
135.00 -8.915e-02 -1.551e-01 -7.268e-02 -1.750e-01
145.00 -8.181e-02 -6.212e-02 -1.492e-01 -2.080e-01
155.00 -1.034e-01 -2.426e-01 -1.390e-01 -3.662e-02
165.00 -9.370e-02 -1.472e-01 -1.394e-01 -1.343e-01
175.00 -9.216e-02 -7.713e-02 -1.428e-01 -1.195e-01
185.00 -1.085e-01 -5.094e-02 -2.159e-01 -2.031e-01
195.00 -1.189e-01 -2.427e-01 -1.077e-01 -1.519e-01
205.00 -1.385e-01 -2.963e-02 -6.725e-02 -1.887e-01
215.00 -1.080e-01 -6.101e-02 -6.681e-02 -1.754e-01
225.00 -1.352e-01 -1.380e-01 -1.326e-01 -1.504e-01
235.00 -1.247e-01 -1.651e-01 -1.445e-01 -7.628e-02
245.00 -1.694e-01 -6.726e-02 -8.663e-02 -1.325e-01
255.00 -1.481e-01 -8.423e-02 -1.874e-01  5.471e-03
265.00 -1.889e-01  6.512e-02  7.515e-03 -1.057e-01
275.00 -1.089e-01 -9.323e-02 -5.909e-02 -5.860e-02
285.00 -1.893e-01  1.149e-03 -1.638e-01 -4.502e-02
295.00 -1.713e-01  3.331e-02 -9.054e-02  7.911e-03
305.00 -1.011e-01 -1.446e-01 -6.716e-02 -1.307e-01
315.00 -1.486e-01  1.643e-02  1.889e-02 -8.494e-02
325.00 -1.237e-01 -7.679e-02 -1.503e-01 -2.547e-01
335.00 -8.777e-02 -5.201e-02  3.076e-02 -1.363e-02
345.00 -9.610e-02  8.827e-03 -9.816e-02 -4.984e-02
355.00 -1.079e-01 -5.252e-02  1.832e-02 -1.190e-01
365.00 -1.164e-01  4.129e-02 -4.718e-03 -1.008e-01
375.00 -1.003e-01 -1.494e-01 -1.284e-02  1.804e-02
385.00 -1.287e-01 -1.233e-02  6.724e-02 -1.041e-01
395.00 -5.648e-02 -7.103e-02 -5.278e-02  1.547e-02
405.00 -1.141e-01 -5.243e-02 -4.740e-02 -4.445e-03
415.00 -8.638e-02 -9.673e-02 -4.671e-02  4.939e-02
425.00 -1.333e-01  3.321e-02  8.824e-03 -1.364e-01
435.00 -8.212e-02 -2.439e-02 -4.562e-03 -6.198e-02
445.00 -6.846e-02 -1.295e-02 -1.129e-01 -1.525e-01
455.00 -7.808e-02  9.379e-03 -1.806e-02 -6.535e-02
465.00 -7.910e-02 -1.094e-01 -3.725e-02 -1.004e-01
475.00 -4.969e-02  1.123e-01 -6.677e-02 -1.075e-01
485.00 -2.338e-02 -2.530e-02 -2.547e-02  1.450e-02
495.00 -1.074e-01  2.126e-02  7.003e-03  2.507e-02
505.00 -4.122e-02  4.952e-02 -6.520e-02  3.948e-02
515.00 -3.650e-02 -1.010e-03  1.498e-02 -6.275e-02
525.00 -3.278e-02 -4.928e-02  1.792e-02  2.124e-02
535.00 -1.045e-01 -3.093e-02  3.119e-02  5.855e-02
545.00 -5.253e-02 -7.507e-02 -1.546e-01 -8.597e-02
555.00 -6.816e-02 -7.258e-04  1.690e-03 -7.051e-05
565.00 -2.520e-02 -1.112e-02 -1.262e-03  2.421e-02
575.00 -5.508e-02  6.250e-02 -1.096e-01  2.715e-02
585.00 -4.161e-02 -8.440e-02 -2.843e-02  2.570e-03
595.00 -1.596e-02  3.516e-02  1.763e-02 -4.440e-02
605.00 -3.616e-03  1.301e-02 -8.798e-02  8.743e-03
615.00  9.045e-03 -8.206e-02 -5.246e-02  2.950e-02
625.00  6.448e-02 -4.348e-02 -1.218e-02 -2.456e-02
635.00 -3.620e-02 -1.435e-02  1.182e-02  3.022e-02
645.00 -9.349e-02  4.336e-02 -5.541e-02 -3.041e-02
655.00 -5.678e-02 -1.367e-02  1.921e-02  6.594e-02
665.00  3.290e-02  3.964e-03 -1.195e-01 -1.633e-02
675.00 -7.692e-02  9.826e-03 -2.780e-02 -1.892e-02
685.00 -8.528e-02  1.932e-02 -6.336e-03  1.050e-02
695.00 -9.944e-02 -1.315e-02 -6.777e-02 -1.559e-02
705.00 -1.840e-02 -3.141e-02 -4.711e-02  5.188e-02
715.00  6.586e-02 -4.921e-02 -4.386e-02  1.674e-02
725.00  3.905e-02  2.279e-02 -5.718e-02  6.949e-02
735.00 -2.257e-02  2.335e-02  1.254e-02 -5.180e-02
745.00  6.235e-03 -1.724e-02 -3.202e-02  2.082e-02
755.00  2.986e-02 -3.774e-02 -5.530e-02 -5.359e-02
765.00 -6.027e-03 -3.580e-02 -1.750e-04  6.225e-02
775.00 -3.539e-02 -2.070e-02 -7.928e-02 -2.652e-02
785.00  2.101e-02 -2.876e-02  1.675e-03  2.292e-02
795.00 -1.450e-02 -2.247e-02  1.438e-02  1.564e-02
805.00 -6.785e-02  4.546e-02 -1.214e-01  7.746e-02
815.00  9.125e-02  2.102e-02 -4.360e-02  4.196e-02
825.00 -9.374e-02 -7.880e-03  1.568e-02  8.778e-02
835.00 -1.178e-01  1.365e-02 -4.817e-02  5.444e-02
845.00  3.842e-02  7.210e-02 -6.239e-02  2.749e-02
855.00  1.443e-01 -1.879e-02  1.286e-01 -6.784e-02
865.00 -7.752e-02 -5.482e-02 -1.172e-02  2.499e-02
875.00  1.909e-03  2.984e-03 -2.128e-02  1.338e-02
885.00 -3.239e-02 -4.096e-02  4.070e-02  4.480e-02
895.00  2.941e-02 -5.432e-03 -1.358e-02  4.547e-02
905.00  1.651e-01  4.826e-02  3.745e-02 -5.844e-02
915.00  6.210e-02 -1.799e-02 -4.485e-02 -5.754e-03
925.00 -7.176e-02  1.983e-02  7.709e-03  9.955e-02
935.00  3.160e-02  4.379e-02  1.646e-02 -4.654e-02
945.00 -1.010e-01 -3.688e-02  2.743e-02 -7.401e-02
955.00 -5.581e-02 -4.865e-02  3.792e-02  4.925e-03
965.00 -7.271e-02  2.878e-02  6.567e-02 -2.621e-02
975.00 -3.884e-02  1.725e-02 -2.215e-02  1.189e-02
985.00 -7.152e-02  8.757e-03  3.411e-03 -1.572e-02
995.00 -5.119e-02 -4.298e-02  7.183e-02  2.785e-02
1005.00 -2.709e-02 -7.547e-03 -3.643e-02 -1.345e-03
1015.00 -8.099e-03 -7.633e-03 -6.361e-02  1.060e-02
1025.00 -9.362e-02  2.467e-02  3.246e-02 -3.255e-02
1035.00  6.083e-02  1.123e-02 -8.059e-02  1.891e-02
1045.00  1.589e-03  1.293e-02  1.631e-03  4.426e-04
1055.00  9.954e-03 -1.241e-02 -1.113e-02  1.199e-03
1065.00 -7.770e-02  2.095e-03  3.349e-02 -3.006e-02
1075.00  1.822e-02 -2.477e-02 -1.597e-02 -2.079e-02
1085.00  1.961e-01  1.989e-02 -2.272e-02 -5.392e-02
1095.00  3.914e-02  4.215e-02 -8.716e-03  3.804e-02
1105.00 -6.318e-02 -3.751e-02  6.082e-02  3.414e-03
1115.00 -6.362e-02 -1.677e-02  7.546e-02 -3.264e-02
1125.00 -4.092e-02 -8.637e-04 -3.593e-02 -2.892e-02
1135.00 -7.205e-02 -5.602e-03 -2.701e-02  4.608e-03
1145.00  8.997e-03  1.017e-02 -1.518e-02  5.120e-03
1155.00 -3.936e-02  2.675e-02 -3.714e-02 -4.402e-02
1165.00 -2.109e-02 -2.059e-02  2.251e-02  2.552e-02
1175.00 -1.078e-01 -2.399e-02  7.714e-02  2.661e-02
1185.00  6.330e-02  7.101e-03  1.597e-02 -3.506e-02
1195.00  1.222e-02  7.036e-02 -4.988e-02 -2.337e-02
1205.00 -6.241e-03  5.152e-02  1.996e-02 -9.592e-03
1215.00 -6.617e-02  1.677e-03  1.319e-03  1.060e-02
1225.00 -5.689e-02 -2.400e-03  2.542e-02  1.384e-02
1235.00 -5.666e-02  4.191e-02  2.774e-03 -8.237e-03
1245.00  5.344e-02 -1.246e-02  5.060e-03  6.133e-02
1255.00  2.723e-02  1.444e-02 -1.350e-02 -3.105e-04
1265.00 -2.450e-02  2.352e-02 -1.555e-02  2.646e-02
1275.00  5.078e-02 -4.416e-02 -4.084e-02 -1.300e-02
1285.00  7.771e-02  7.314e-02 -8.319e-02 -2.905e-02
1295.00  5.997e-02  1.710e-02  5.571e-02  1.786e-02
1305.00  6.968e-03  1.430e-02 -3.728e-02 -7.384e-03
1315.00  1.674e-02 -1.569e-02 -1.015e-03  8.400e-04
1325.00  2.950e-02 -5.327e-04  2.752e-02 -8.037e-03
1335.00 -6.998e-02  1.967e-03  2.234e-02  1.703e-02
1345.00 -2.149e-02 -7.786e-03  5.292e-02  1.809e-03
1355.00  3.098e-02  7.931e-03  2.665e-02  2.463e-03
1365.00  7.055e-03  1.956e-03  3.981e-02  2.563e-03
1375.00  1.525e-02 -1.593e-03  4.121e-02  1.242e-02
1385.00  1.531e-02 -3.658e-03 -6.020e-03  1.504e-02
1395.00  6.573e-02  3.273e-02  6.089e-02  5.126e-04
1405.00 -6.866e-03 -1.273e-02 -1.071e-02 -4.691e-03
1415.00 -4.104e-02  4.295e-03 -6.987e-04  1.595e-02
1425.00  4.593e-02  2.351e-03 -1.415e-02  1.344e-03
1435.00 -5.000e-02 -1.284e-02  1.348e-02 -1.517e-03
1445.00  1.158e-02 -4.747e-03 -1.447e-02 -6.953e-03
1455.00  9.430e-02 -1.846e-02  1.767e-02  5.890e-03
1465.00 -6.075e-02 -1.555e-02  5.845e-02 -1.453e-03
1475.00  1.146e-01 -7.807e-03 -4.308e-02  8.684e-03
1485.00 -1.171e-02  1.406e-02  1.159e-02 -5.446e-03
1495.00  2.194e-02  1.769e-02 -9.146e-03  2.393e-04
1505.00 -2.978e-02  1.206e-03  1.270e-02  4.424e-03
1515.00 -2.593e-02 -1.098e-02  3.711e-02  7.373e-03
1525.00 -3.322e-02  1.009e-02  5.615e-02 -2.011e-03
1535.00  4.520e-02  1.071e-02  3.677e-02 -2.710e-03
1545.00  2.404e-03  7.662e-03  1.103e-02 -6.990e-04
1555.00  3.231e-03 -1.559e-03  1.908e-02 -3.510e-03
1565.00  1.215e-02 -1.202e-03 -1.299e-02 -1.586e-03
1575.00  2.699e-02 -1.147e-02  6.399e-03  3.045e-03
1585.00  4.848e-02  9.127e-03 -1.096e-02 -2.263e-03
1595.00 -3.056e-02 -1.978e-02 -6.000e-03 -8.069e-06
1605.00  4.524e-02 -3.524e-03  2.872e-02  7.614e-04
1615.00 -4.047e-03  4.931e-03  3.230e-02  2.291e-03
1625.00 -2.670e-02 -1.135e-02  5.999e-03  5.660e-06
1635.00 -9.787e-03 -7.849e-03  1.672e-02  4.263e-04
1645.00  2.949e-02 -9.058e-03 -1.070e-02  2.693e-04
1655.00  1.950e-02  3.080e-02 -6.444e-03 -3.489e-04
1665.00  2.182e-02  1.576e-02 -6.963e-03 -3.251e-04
1675.00 -1.546e-02  2.145e-03 -4.808e-03  4.262e-04
1685.00 -2.074e-02 -4.807e-03  2.019e-02 -2.135e-04
1695.00 -2.395e-02  2.194e-03 -6.639e-03 -5.314e-05
1705.00  2.823e-02 -1.050e-02 -1.825e-02  0.000e+00
1715.00 -4.520e-02 -3.838e-03 -5.808e-03  0.000e+00
1725.00 -1.047e-02 -1.415e-03 -2.557e-02  0.000e+00
1735.00  7.797e-03 -5.300e-03 -1.696e-02  0.000e+00
1745.00  5.668e-02  1.318e-02  2.687e-02  0.000e+00
1755.00  2.470e-02 -1.059e-03  1.334e-02  0.000e+00
1765.00 -2.104e-02  4.558e-03 -1.817e-02  0.000e+00
1775.00  2.791e-02 -9.626e-04  1.202e-02  0.000e+00
1785.00 -4.033e-03 -3.513e-03 -1.555e-02  0.000e+00
1795.00  3.713e-02  8.875e-03 -2.200e-02  0.000e+00
1805.00 -3.880e-03  3.160e-03  2.065e-02  0.000e+00
1815.00  2.003e-02  5.546e-03 -1.610e-02  0.000e+00
1825.00  8.824e-03  1.836e-02  5.466e-03  0.000e+00
1835.00  2.559e-02 -1.417e-03  1.386e-02  0.000e+00
1845.00 -2.971e-02 -7.174e-03 -1.534e-02  0.000e+00
1855.00 -7.440e-03  1.121e-03  1.719e-02  0.000e+00
1865.00 -1.345e-02 -1.309e-02 -1.954e-02  0.000e+00
1875.00  2.161e-02  2.815e-03 -1.440e-02  0.000e+00
1885.00 -8.009e-03 -8.163e-03 -4.457e-03  0.000e+00
1895.00  2.482e-02  3.234e-03  1.188e-02  0.000e+00
1905.00 -2.546e-03  2.611e-03 -6.942e-03  0.000e+00
1915.00 -1.469e-02  1.395e-03 -5.254e-04  0.000e+00
1925.00 -2.868e-02  8.727e-03 -1.368e-02  0.000e+00
1935.00 -1.039e-02  5.858e-03 -1.433e-02  0.000e+00
1945.00 -2.208e-02  3.325e-03  3.538e-03  0.000e+00
1955.00 -6.271e-04 -1.237e-03 -3.263e-03  0.000e+00
1965.00  2.130e-02 -4.191e-03  2.012e-03  0.000e+00
1975.00  3.167e-02 -1.635e-03 -4.633e-03  0.000e+00
1985.00 -6.019e-03 -5.280e-03 -8.736e-03  0.000e+00
1995.00  2.896e-02 -3.503e-03 -1.323e-02  0.000e+00
2005.00 -2.662e-02  1.224e-03  7.215e-03  0.000e+00
2015.00 -8.151e-04  2.639e-04  4.796e-03  0.000e+00
2025.00 -1.978e-03 -4.720e-03 -2.093e-04  0.000e+00
2035.00  6.470e-03  9.353e-04 -4.754e-04  0.000e+00
2045.00 -2.528e-04 -4.761e-03 -3.098e-03  0.000e+00
2055.00  1.851e-02  3.262e-03  1.203e-02  0.000e+00
2065.00  1.548e-02 -2.545e-03  1.006e-02  0.000e+00
2075.00 -1.039e-02 -6.467e-04  1.475e-02  0.000e+00
2085.00  2.640e-03 -4.233e-03 -1.533e-04  0.000e+00
2095.00  8.853e-04 -4.304e-03 -7.922e-03  0.000e+00
2105.00  5.123e-04 -3.544e-03  4.045e-03  0.000e+00
2115.00  8.763e-03  5.671e-04 -1.005e-02  0.000e+00
2125.00  1.544e-02 -6.208e-03  5.941e-03  0.000e+00
2135.00 -2.495e-02  2.238e-03  4.871e-03  0.000e+00
2145.00  2.846e-03 -4.229e-03  2.968e-03  0.000e+00
2155.00  2.178e-02  9.704e-04 -3.418e-03  0.000e+00
2165.00 -1.178e-02  1.712e-03 -1.444e-03  0.000e+00
2175.00 -1.970e-03  2.493e-03 -7.630e-03  0.000e+00
2185.00  1.128e-02  4.614e-04 -9.574e-03  0.000e+00
2195.00 -2.158e-02  1.127e-03  3.888e-04  0.000e+00
2205.00  2.110e-02 -2.957e-03 -1.678e-03  0.000e+00
2215.00 -8.134e-03 -2.422e-03  3.201e-03  0.000e+00
2225.00 -3.855e-03 -1.369e-04 -4.499e-03  0.000e+00
2235.00  9.183e-03 -1.042e-03 -1.916e-03  0.000e+00
2245.00  7.550e-03 -3.183e-04  1.084e-03  0.000e+00
2255.00 -4.428e-03 -9.045e-04 -5.697e-04  0.000e+00
2265.00 -2.091e-02 -8.968e-04 -2.532e-03  0.000e+00
2275.00  1.263e-02  2.684e-04  3.930e-03  0.000e+00
2285.00  1.386e-03 -1.862e-04  1.453e-03  0.000e+00
2295.00 -1.630e-02  1.557e-03 -2.934e-03  0.000e+00
2305.00 -3.053e-03 -1.503e-04 -4.294e-04  0.000e+00
2315.00 -1.128e-02  6.829e-04  5.055e-03  0.000e+00
2325.00  1.056e-02 -4.303e-04  1.124e-03  0.000e+00
2335.00 -2.988e-03 -6.475e-04 -2.864e-03  0.000e+00
2345.00 -6.381e-03 -8.279e-04  2.541e-03  0.000e+00
2355.00  7.948e-03  4.451e-05 -6.599e-04  0.000e+00
2365.00 -6.558e-04  3.541e-04  5.222e-03  0.000e+00
2375.00 -1.267e-02  1.126e-05  3.079e-03  0.000e+00
2385.00  1.933e-03  1.346e-04 -2.082e-03  0.000e+00
2395.00  4.458e-03  2.434e-04  7.748e-04  0.000e+00
2405.00  1.086e-03 -2.854e-04 -1.262e-03  0.000e+00
2415.00  1.820e-03 -5.000e-05  1.706e-03  0.000e+00
2425.00  4.112e-04 -8.065e-05 -4.749e-05  0.000e+00
2435.00  8.529e-03  1.856e-04  9.057e-04  0.000e+00
2445.00 -1.544e-03  2.719e-05  1.272e-03  0.000e+00
2455.00 -7.418e-03  2.663e-05  7.903e-04  0.000e+00
2465.00  5.480e-03 -2.485e-05  1.372e-03  0.000e+00
2475.00 -2.348e-04  2.678e-05 -1.067e-04  0.000e+00
2485.00  2.048e-03  0.000e+00 -6.659e-04  0.000e+00
2495.00  1.652e-03  0.000e+00 -2.657e-04  0.000e+00
2505.00  4.876e-04  0.000e+00  0.000e+00  0.000e+00
2515.00  5.186e-04  0.000e+00  0.000e+00  0.000e+00
2525.00 -6.017e-03  0.000e+00  0.000e+00  0.000e+00
2535.00 -8.174e-06  0.000e+00  0.000e+00  0.000e+00
2545.00  3.046e-03  0.000e+00  0.000e+00  0.000e+00
2555.00 -5.644e-03  0.000e+00  0.000e+00  0.000e+00
2565.00 -5.427e-03  0.000e+00  0.000e+00  0.000e+00
2575.00  4.139e-03  0.000e+00  0.000e+00  0.000e+00
2585.00 -4.252e-03  0.000e+00  0.000e+00  0.000e+00
2595.00  1.215e-03  0.000e+00  0.000e+00  0.000e+00
2605.00  1.754e-04  0.000e+00  0.000e+00  0.000e+00
2615.00  3.520e-03  0.000e+00  0.000e+00  0.000e+00
2625.00  3.085e-03  0.000e+00  0.000e+00  0.000e+00
2635.00  1.077e-03  0.000e+00  0.000e+00  0.000e+00
2645.00 -5.085e-03  0.000e+00  0.000e+00  0.000e+00
2655.00  4.202e-03  0.000e+00  0.000e+00  0.000e+00
2665.00  6.369e-04  0.000e+00  0.000e+00  0.000e+00
2675.00  2.562e-03  0.000e+00  0.000e+00  0.000e+00
2685.00 -2.454e-03  0.000e+00  0.000e+00  0.000e+00
2695.00 -8.321e-04  0.000e+00  0.000e+00  0.000e+00
2705.00  2.416e-03  0.000e+00  0.000e+00  0.000e+00
2715.00  3.702e-03  0.000e+00  0.000e+00  0.000e+00
2725.00  3.417e-04  0.000e+00  0.000e+00  0.000e+00
2735.00 -3.826e-05  0.000e+00  0.000e+00  0.000e+00
2745.00  1.184e-03  0.000e+00  0.000e+00  0.000e+00
2755.00 -8.206e-04  0.000e+00  0.000e+00  0.000e+00
2765.00  2.306e-04  0.000e+00  0.000e+00  0.000e+00
2775.00  4.042e-05  0.000e+00  0.000e+00  0.000e+00
2785.00 -1.940e-03  0.000e+00  0.000e+00  0.000e+00
2795.00  2.491e-03  0.000e+00  0.000e+00  0.000e+00
2805.00  1.541e-03  0.000e+00  0.000e+00  0.000e+00
2815.00  3.154e-04  0.000e+00  0.000e+00  0.000e+00
2825.00  1.336e-03  0.000e+00  0.000e+00  0.000e+00
2835.00 -3.086e-04  0.000e+00  0.000e+00  0.000e+00
2845.00  4.428e-04  0.000e+00  0.000e+00  0.000e+00
2855.00 -7.344e-05  0.000e+00  0.000e+00  0.000e+00
2865.00  2.612e-04  0.000e+00  0.000e+00  0.000e+00
2875.00  1.278e-03  0.000e+00  0.000e+00  0.000e+00
2885.00 -9.565e-04  0.000e+00  0.000e+00  0.000e+00
2895.00 -6.898e-04  0.000e+00  0.000e+00  0.000e+00
2905.00 -1.620e-04  0.000e+00  0.000e+00  0.000e+00
2915.00 -4.181e-04  0.000e+00  0.000e+00  0.000e+00
2925.00  5.014e-04  0.000e+00  0.000e+00  0.000e+00
2935.00  1.303e-04  0.000e+00  0.000e+00  0.000e+00
2945.00  7.565e-05  0.000e+00  0.000e+00  0.000e+00
2955.00 -1.647e-04  0.000e+00  0.000e+00  0.000e+00
2965.00  2.666e-05  0.000e+00  0.000e+00  0.000e+00
2975.00  2.433e-04  0.000e+00  0.000e+00  0.000e+00
2985.00 -1.598e-04  0.000e+00  0.000e+00  0.000e+00
2995.00  1.053e-04  0.000e+00  0.000e+00  0.000e+00
