 0.05 -1.008e-01
 0.15 -9.677e-02
 0.25 -8.539e-02
 0.35 -5.597e-02
 0.45 -3.566e-02
 0.55 -4.599e-02
 0.65 -4.079e-03
 0.75 -2.284e-02
 0.85 -5.461e-03
 0.95 -1.074e-02
 1.05 -6.635e-04
 1.15 -6.834e-03
 1.25  1.710e-03
 1.35 -3.132e-03
 1.45  2.476e-03
 1.55  2.889e-03
 1.65  8.661e-04
 1.75  3.027e-03
 1.85  1.640e-03
 1.95  4.985e-05
 2.05 -4.053e-05
 2.15  1.343e-04
 2.25 -7.792e-07
 2.35  0.000e+00
 2.45  0.000e+00
 2.55  0.000e+00
 2.65  0.000e+00
 2.75  0.000e+00
 2.85  0.000e+00
 2.95  0.000e+00
 3.05  0.000e+00
 3.15  0.000e+00
 3.25  0.000e+00
 3.35  0.000e+00
 3.45  0.000e+00
 3.55  0.000e+00
 3.65  0.000e+00
 3.75  0.000e+00
 3.85  0.000e+00
 3.95  0.000e+00
 4.05  0.000e+00
 4.15  0.000e+00
 4.25  0.000e+00
 4.35  0.000e+00
 4.45  0.000e+00
 4.55  0.000e+00
 4.65  0.000e+00
 4.75  0.000e+00
 4.85  0.000e+00
 4.95  0.000e+00
