 0.05 -1.294e-01
 0.15 -1.109e-01
 0.25 -8.099e-02
 0.35 -3.774e-02
 0.45 -4.386e-02
 0.55 -2.966e-02
 0.65 -1.172e-02
 0.75 -1.992e-02
 0.85 -3.016e-04
 0.95  4.746e-03
 1.05  4.791e-03
 1.15 -6.660e-03
 1.25  0.000e+00
 1.35  0.000e+00
 1.45  0.000e+00
 1.55  0.000e+00
 1.65  0.000e+00
 1.75  0.000e+00
 1.85  0.000e+00
 1.95  0.000e+00
 2.05  0.000e+00
 2.15  0.000e+00
 2.25  0.000e+00
 2.35  0.000e+00
 2.45  0.000e+00
 2.55  0.000e+00
 2.65  0.000e+00
 2.75  0.000e+00
 2.85  0.000e+00
 2.95  0.000e+00
 3.05  0.000e+00
 3.15  0.000e+00
 3.25  0.000e+00
 3.35  0.000e+00
 3.45  0.000e+00
 3.55  0.000e+00
 3.65  0.000e+00
 3.75  0.000e+00
 3.85  0.000e+00
 3.95  0.000e+00
 4.05  0.000e+00
 4.15  0.000e+00
 4.25  0.000e+00
 4.35  0.000e+00
 4.45  0.000e+00
 4.55  0.000e+00
 4.65  0.000e+00
 4.75  0.000e+00
 4.85  0.000e+00
 4.95  0.000e+00
