 0.05 -1.092e-01
 0.15 -1.186e-01
 0.25 -8.140e-02
 0.35 -7.739e-02
 0.45 -4.113e-02
 0.55 -3.371e-02
 0.65 -4.305e-02
 0.75 -1.929e-02
 0.85 -6.567e-04
 0.95 -2.519e-02
 1.05 -1.017e-02
 1.15  9.331e-03
 1.25  1.562e-02
 1.35 -5.390e-03
 1.45  6.405e-03
 1.55  1.566e-02
 1.65  3.660e-03
 1.75 -2.280e-03
 1.85  1.773e-03
 1.95 -1.335e-03
 2.05 -6.453e-05
 2.15 -7.279e-05
 2.25 -4.097e-08
 2.35  0.000e+00
 2.45  0.000e+00
 2.55  0.000e+00
 2.65  0.000e+00
 2.75  0.000e+00
 2.85  0.000e+00
 2.95  0.000e+00
 3.05  0.000e+00
 3.15  0.000e+00
 3.25  0.000e+00
 3.35  0.000e+00
 3.45  0.000e+00
 3.55  0.000e+00
 3.65  0.000e+00
 3.75  0.000e+00
 3.85  0.000e+00
 3.95  0.000e+00
 4.05  0.000e+00
 4.15  0.000e+00
 4.25  0.000e+00
 4.35  0.000e+00
 4.45  0.000e+00
 4.55  0.000e+00
 4.65  0.000e+00
 4.75  0.000e+00
 4.85  0.000e+00
 4.95  0.000e+00
