-173.57  9.954e-05
-160.71 -3.375e-05
-147.86  3.475e-05
-135.00 -2.024e-06
-122.14 -1.868e-05
-109.29 -9.536e-05
-96.43 -3.665e-05
-83.57 -6.107e-05
-70.71  1.002e-05
-57.86 -8.408e-05
-45.00 -1.178e-04
-32.14 -3.264e-04
-19.29 -5.915e-04
-6.43 -7.854e-04
 6.43 -7.854e-04
19.29 -5.915e-04
32.14 -3.264e-04
45.00 -1.178e-04
57.86 -8.408e-05
70.71  1.002e-05
83.57 -6.107e-05
96.43 -3.665e-05
109.29 -9.536e-05
122.14 -1.868e-05
135.00 -2.024e-06
147.86  3.475e-05
160.71 -3.375e-05
173.57  9.954e-05
